0 1
(412.375,857.5)&(410.188,857.875)
(731.688,310.25)&(740.062,310.188)
(678.125,528.562)&(683.25,529.875)
(527.438,465.125)&(521,464.938)
(745.938,488.438)&(755.75,488.062)
(574.625,397.938)&(571.875,398.5)
(565.375,269.688)&(559.688,269.938)
(578.875,326.375)&(576.812,326.625)
(400.312,883)&(397.938,883.188)
(699.938,502.688)&(705.438,503.438)
(431.625,987.688)&(430.125,987.938)
(716.75,15.9375)&(722.875,19.4375)
(712.125,39)&(718.938,38.9375)
(486.062,30.125)&(476.938,29.8125)
(669.375,325.688)&(672.938,325.375)
(690.312,113.125)&(695.875,112.438)
(924.688,818.812)&(946.562,817.812)
(647.562,215.375)&(652.5,215.125)
(630.938,507.562)&(631.938,508.125)
(687.75,573.875)&(693,575.062)
(944.062,479.938)&(966.688,479.5)
(512.438,391.062)&(504.25,390.75)
(582.938,65.875)&(580.812,65.875)
(358.5,504.188)&(341.375,504.188)
(512,357.25)&(503.875,356.75)
(962.125,283.812)&(986.812,284.062)
(181.375,540.125)&(163,540.375)
(695.125,664.625)&(701.625,663.875)
(564.875,29.5)&(561.5,29.1875)
(268.062,859.812)&(256.125,859.812)
(139.25,707.562)&(117.688,707.75)
(661.188,16.6875)&(664.125,17.625)
(313.938,161.062)&(293.938,160.75)
(157.438,145.312)&(125.875,144.938)
(61.3125,514)&(33.625,513.75)
(271.312,8.25)&(247.562,8.6875)
(197.125,102.688)&(168.062,102.312)
(196.312,90.75)&(167.5,90.5)
(256.625,245.188)&(232.062,244.938)
(394.625,308.5)&(392.75,308)
(791,434.062)&(815.688,434.062)
(697.25,266.25)&(715.688,266.312)
(643.312,252.188)&(658.25,252.062)
(684.812,207.875)&(702.062,207.5)
(549.562,516.875)&(557.125,517.312)
(318.812,934.562)&(298.875,934.625)
(495.562,157.062)&(499.312,157.125)
(359.625,260)&(353.75,260)
(422.5,49.75)&(421.125,49.3125)
(354.875,34.0625)&(348.312,33.75)
(538.812,925.438)&(534.188,925.562)
(400.125,177.25)&(397.312,176.812)
(232.625,481)&(217.312,481.438)
(456.188,722.625)&(458.562,722.625)
(358.125,548.75)&(340,548.25)
(474.5,861.312)&(478.812,861.062)
(368.188,457.562)&(347.875,447.75)
(925.5,865.125)&(960.75,865.5)
(644.875,743.312)&(659.375,743.062)
(298.5,490.812)&(275.062,489.125)
(745.938,488.438)&(755.75,488.062)
(527.438,465.125)&(521,464.938)
(678.125,528.562)&(683.25,529.875)
(731.688,310.25)&(740.062,310.188)
(589.625,682.688)&(586.812,683.062)
(444.125,709.188)&(431.5,707.938)
(212,616.438)&(197.062,616.188)
(364.938,712)&(347.312,712.562)
(589.625,682.688)&(586.812,683.062)
(444.125,709.188)&(431.5,707.938)
(212,616.438)&(197.062,616.188)
(364.938,712)&(347.312,712.562)
(589.625,682.688)&(586.812,683.062)
(444.125,709.188)&(431.5,707.938)
(212,616.438)&(197.062,616.188)
(364.938,712)&(347.312,712.562)
#