1 2
(197.062,616.188)&(180.938,615.688)
(755.75,488.062)&(764.438,488.375)
(705.438,503.438)&(712.188,504.312)
(478.812,861.062)&(480.312,861.75)
(740.062,310.188)&(747.562,309.938)
(586.812,683.062)&(585.188,682.875)
(410.188,857.875)&(407.812,857.75)
(430.125,987.938)&(429.938,988.812)
(275.062,489.125)&(254.938,490.375)
(559.688,269.938)&(556.125,270)
(683.25,529.875)&(687.312,528.625)
(718.938,38.9375)&(726.062,38.75)
(792.312,577.75)&(803.75,578.625)
(722.875,19.4375)&(729.562,21.75)
(693,575.062)&(697.938,575.25)
(397.938,883.188)&(395.875,882.875)
(672.938,325.375)&(676.875,325.938)
(576.812,326.625)&(573.688,326.438)
(403,161.188)&(390.312,161.188)
(946.562,817.812)&(967,818.125)
(986.812,284.062)&(1010.88,284.125)
(476.938,29.8125)&(466.812,29.8125)
(521,464.938)&(514.75,464.438)
(966.688,479.5)&(988.938,479.688)
(631.938,508.125)&(632.75,506.5)
(561.5,29.1875)&(557.5,28.6875)
(689.812,493.062)&(694.5,492.875)
(571.875,398.5)&(569.5,398.75)
(504.25,390.75)&(497.562,390.688)
(629.875,437.625)&(629.875,438.125)
(652.5,215.125)&(653,214.812)
(503.875,356.75)&(497.562,357.938)
(163,540.375)&(145.688,540.125)
(695.875,112.438)&(701.438,113.312)
(347.875,447.75)&(330.812,447.438)
(701.625,663.875)&(707.375,664)
(580.812,65.875)&(577.875,66.1875)
(256.125,859.812)&(243.75,859.688)
(664.125,17.625)&(666.125,17.75)
(117.688,707.75)&(96.9375,707.688)
(244.625,55.5625)&(220.75,55.375)
(125.875,144.938)&(94.5625,144.438)
(293.938,160.75)&(273.375,160.875)
(305.5,135.688)&(285.688,135.625)
(232.062,244.938)&(207.438,244.688)
(120.312,853.812)&(98.625,854)
(247.562,8.6875)&(224,9.4375)
(146.938,139.25)&(116.375,139.062)
(392.75,308)&(389.688,307.375)
(347.312,712.562)&(330.125,712.125)
(725.688,450.062)&(744.688,449.812)
(507.125,509.125)&(512.625,508.875)
(702.062,207.5)&(719.562,207.125)
(658.25,252.062)&(672.188,251.25)
(421.125,49.3125)&(419.25,49.1875)
(353.75,260)&(347.938,260.125)
(557.125,517.312)&(564.125,516.812)
(659.375,743.062)&(673.75,743.312)
(298.875,934.625)&(279.188,934.75)
(628.125,809.312)&(639.938,809.062)
(499.312,157.125)&(502.562,157.062)
(348.312,33.75)&(341.25,33.5)
(397.312,176.812)&(394.062,176.562)
(431.5,707.938)&(419.75,709.438)
(340,548.25)&(321.625,548.812)
(341.375,504.188)&(322.438,504.188)
(534.188,925.562)&(528.625,925.625)
(217.312,481.438)&(202.688,481.5)
(740.062,310.188)&(747.562,309.938)
(478.812,861.062)&(480.312,861.75)
(705.438,503.438)&(712.188,504.312)
(755.75,488.062)&(764.438,488.375)
(458.562,722.625)&(459.688,722.562)
(421.812,576.188)&(421.812,575.875)
(458.562,722.625)&(459.688,722.562)
(421.812,576.188)&(421.812,575.875)
(458.562,722.625)&(459.688,722.562)
(421.812,576.188)&(421.812,575.875)
#