11 10
(433.312,390.312)&(440.062,390.562)
(894,581.188)&(883.438,577.188)
(902.938,448.25)&(887.812,448.25)
(315.938,709.125)&(326.375,708.625)
(886.125,264.562)&(870.312,264.812)
(991.625,515.25)&(973.312,514.875)
(894,581.188)&(883.438,577.188)
(63.0625,615.562)&(74.125,615.438)
(387.625,28)&(391.938,31.5625)
(379.562,883)&(380.5,883.125)
(864.688,205.562)&(849.188,205.5)
(860.375,504.75)&(845.5,505.062)
(458.062,464.688)&(464.25,464.688)
(398.375,857.625)&(398.562,858)
(632.75,511.438)&(634.688,507.938)
(633.438,436.812)&(633.312,437.188)
(477.062,722.312)&(474.875,722.438)
(563.75,683.062)&(566.188,683)
(430.312,355.438)&(437.25,356)
(753.938,504.062)&(750.625,502.688)
(832.938,487.875)&(827.125,487.812)
(309.188,260.5)&(312.938,259.938)
(374.062,307.312)&(375.5,307.438)
(519.438,269.938)&(523.5,270.125)
(380,661)&(388.312,660.312)
(412.188,48)&(412.562,47.6875)
(538.938,155.688)&(535.5,156.125)
(807.688,309.938)&(801.188,310.062)
(503.25,862.125)&(500.438,862.125)
(742.938,479.438)&(740.125,479.062)
(540.312,396.875)&(544.312,397.188)
(794.812,743.062)&(783.188,743.062)
(728.562,492.625)&(725.5,492.062)
(665.75,214.312)&(664.688,214.25)
(739.125,112)&(735.625,112.125)
(181.938,711.875)&(197.062,712.25)
(734.875,575.188)&(731.062,575.125)
(418.812,93.125)&(426.5,93.25)
(174.062,503.25)&(189.375,503.688)
(8.9375,540.062)&(21.375,539.125)
(420.812,575.938)&(420.625,576.062)
(554.125,508.438)&(549.312,508.438)
(746.812,664.5)&(743.125,664.188)
(561.875,112.625)&(564.75,112.562)
(298.062,32.125)&(302.25,32.1875)
(519.75,28.375)&(523.75,28.125)
(187.312,447.25)&(201.938,447)
(152.688,859.812)&(161.312,860.062)
(547.25,326.688)&(550.188,326.25)
(717.938,529.062)&(715,529.188)
(701.5,325.125)&(698.688,325.062)
(170.312,549.312)&(186.688,549.25)
(745.125,808.75)&(733.875,809)
(115.625,527.938)&(132.188,528)
(552.438,64.75)&(554.875,65)
(516.688,107.375)&(520.438,107.312)
(791.75,250.062)&(780.25,249.812)
(376.688,175.438)&(378.312,175.75)
(427.188,989.125)&(427.25,989.312)
#