37 39
(929.875,582.125)&(917.688,582.125)
(304,354.625)&(300.5,355.938)
(735.375,666.5)&(734.25,665.875)
(304,354.625)&(300.5,355.938)
(583.875,860.875)&(587.688,860.812)
(929.688,581.875)&(917.688,582.125)
(543.938,722.875)&(548.5,723.312)
(286,91.1875)&(281.875,90.75)
(455.438,397.562)&(449.625,397.625)
(584.062,509.188)&(575.938,509.5)
(621.375,214.688)&(613.188,214.812)
(672,325.25)&(662.438,325.375)
(900.625,810.312)&(899.938,810.562)
(309.5,391.188)&(305.062,390.312)
(813.688,311.625)&(802.438,312)
(434.25,857.938)&(440.562,857.75)
(105.062,859.438)&(115.625,859.375)
(722.75,113.25)&(713,112.812)
(464.062,326.25)&(458.188,326.438)
(697.312,529.688)&(688.812,530.438)
(480.812,113.062)&(474.312,112.938)
(735.375,666.5)&(734.25,665.875)
(343.75,465.25)&(339,464.5)
(410.438,883.312)&(417.438,882.938)
(850.312,489.625)&(839.812,489.938)
(420.688,27.1875)&(414.125,27.6875)
(418.75,106.75)&(413.438,106.562)
(468.312,989.875)&(473,989.812)
(730.375,480.812)&(720.75,480.75)
(466.625,64.875)&(460.125,64.9375)
(718.75,576.5)&(709.438,576.25)
(710.438,494.438)&(701.875,494.812)
(581.25,437.875)&(573.75,438)
(101.562,158.688)&(100.938,158.562)
(237.25,660.625)&(234.125,661)
(315.688,258.062)&(322,258.562)
(153.562,708.875)&(150.562,708.875)
(405.062,306.062)&(411.438,305.625)
(620.875,154.688)&(623.938,154.438)
(401.938,173.812)&(407.5,173.125)
(293.125,30.5)&(301.188,30.3125)
(967.625,744.188)&(966.062,743.938)
(961,250.062)&(959.062,250.375)
(534.125,129.125)&(537.688,129.75)
(446.188,45.8125)&(450.625,45.5625)
(644.375,508.562)&(647.938,508.5)
(378.438,927.812)&(373.875,927.562)
(583.875,860.875)&(587.688,860.812)
(304,354.625)&(300.5,355.938)
(735.375,666.5)&(734.25,665.875)
(304,354.625)&(300.5,355.938)
(468.5,575.312)&(474.75,575.312)
(468.5,575.312)&(474.75,575.312)
#