40 38
(444.625,721.188)&(443.188,718.875)
(303.375,390.812)&(307.562,390.625)
(413.5,268.125)&(420.562,268.688)
(589.25,860.875)&(585.625,861.375)
(910.312,582.438)&(922.062,579.938)
(420.625,883.312)&(414.125,883.5)
(732.375,504.188)&(742.25,504.25)
(446.812,397.938)&(452.5,397.438)
(280.312,91.125)&(283.875,91.0625)
(241,26.25)&(244.375,25.875)
(721.938,666.312)&(731,666.375)
(300.312,356.875)&(301.062,355.062)
(454.938,326.438)&(461.25,326.688)
(721.938,666.312)&(731,666.375)
(658.5,325.688)&(667,324.938)
(475.625,990.062)&(470.688,989.75)
(684.312,530.25)&(692.938,529.938)
(410.75,27.25)&(417.25,27)
(608.875,215.062)&(617,214.688)
(470.812,113.312)&(477.812,113.062)
(456.875,65.25)&(463.188,65)
(715.688,480.75)&(725.875,480.938)
(443.562,857.938)&(437.375,857.875)
(708.125,112.562)&(717.938,112.938)
(121.062,859.25)&(110.5,859.5)
(834.062,490.125)&(845.188,489.812)
(410.875,106.312)&(416.312,106.375)
(705,576.125)&(714.625,576.312)
(337.25,464.688)&(341.875,464.938)
(569.938,438.188)&(577.625,437.938)
(797.938,312.562)&(808.625,311.812)
(696.812,494.375)&(706.562,494.562)
(150.875,709.25)&(152,709.438)
(325.688,258.938)&(318.75,258.688)
(414.375,305.875)&(408.25,305.812)
(625.438,154.188)&(622.188,154.5)
(232.625,661.188)&(235,660.75)
(649.062,508.25)&(646.375,508.562)
(304.812,30.125)&(297.188,30.375)
(452.75,45.375)&(448.312,45.6875)
(410.5,173.312)&(404.75,173.688)
(899.562,811.125)&(900.812,810.5)
(747.375,516.562)&(745.875,516.688)
(964.375,744.062)&(967.062,744.188)
(372.062,927.688)&(376.188,927.5)
(477.562,575.188)&(471.688,575.25)
(550.812,723.125)&(546.188,723.188)
(634.5,14.75)&(642.625,19.8125)
(957.688,250.5)&(960.438,250.562)
(27.875,479.062)&(15.125,479.188)
(910.312,582.438)&(922.062,579.938)
(589.25,860.875)&(585.625,861.375)
(413.5,268.125)&(420.562,268.688)
(303.375,390.812)&(307.562,390.625)
(477.375,684.062)&(483.5,683.562)
(571.812,510.25)&(581.312,508.812)
(477.375,684.062)&(483.5,683.562)
(571.812,510.25)&(581.312,508.812)
(477.375,684.062)&(483.5,683.562)
(571.812,510.25)&(581.312,508.812)
#