41 39
(150.688,709)&(150.562,708.875)
(591.562,859.938)&(587.688,860.812)
(232.188,660.812)&(234.125,661)
(631,10.25)&(647,7.625)
(568.25,508.75)&(575.938,509.5)
(444.062,397.688)&(449.625,397.625)
(302.562,390.5)&(305.062,390.312)
(452.562,326.438)&(458.188,326.438)
(727.312,503.75)&(734.375,506.5)
(424.062,883.125)&(417.438,882.938)
(754.312,35.6875)&(766.062,33.5)
(679.5,529.75)&(688.812,530.438)
(407.812,27.0625)&(414.125,27.6875)
(604.688,215.125)&(613.188,214.812)
(710.188,480.625)&(720.75,480.75)
(298.188,356.188)&(300.5,355.938)
(478.75,989.875)&(473,989.812)
(336,464.688)&(339,464.5)
(653.812,326)&(662.438,325.375)
(278.938,91.0625)&(281.875,90.75)
(897.812,810.75)&(899.938,810.562)
(703.062,112.5)&(713,112.812)
(962.312,744.188)&(966.062,743.938)
(408.375,106.438)&(413.438,106.562)
(566.875,437.875)&(573.75,438)
(446.438,857.875)&(440.562,857.75)
(453.625,65.375)&(460.125,64.9375)
(791.562,312.125)&(802.438,312)
(827.625,490.188)&(839.812,489.938)
(467.812,113.312)&(474.312,112.938)
(700.562,576.625)&(709.438,576.25)
(691.625,494.625)&(701.875,494.812)
(330.5,257.812)&(322,258.562)
(417.688,305.812)&(411.438,305.625)
(480.25,575.25)&(474.75,575.312)
(650,507.75)&(647.938,508.5)
(626.75,154.125)&(623.938,154.438)
(308.938,30.125)&(301.188,30.3125)
(127.438,858.812)&(115.625,859.375)
(455.812,45.3125)&(450.625,45.5625)
(955.312,250.688)&(959.062,250.375)
(413.75,173.312)&(407.5,173.125)
(370.562,927.562)&(373.875,927.562)
(568.25,508.75)&(575.938,509.5)
(631,10.25)&(647,7.625)
(232.188,660.812)&(234.125,661)
(591.562,859.938)&(587.688,860.812)
(474,684.375)&(480.438,683.812)
(902.25,581.375)&(917.688,582.125)
(474,684.375)&(480.438,683.812)
(902.25,581.375)&(917.688,582.125)
#