42 40
(301.688,390.688)&(303.375,390.812)
(719.438,506)&(732.375,504.188)
(442.125,397.875)&(446.812,397.938)
(427,883.125)&(420.625,883.312)
(296.812,356.125)&(300.312,356.875)
(895.688,582.312)&(910.312,582.438)
(232.125,661.125)&(232.625,661.188)
(784.562,312.062)&(797.938,312.562)
(449.938,326.438)&(454.938,326.438)
(674.25,530.312)&(684.312,530.25)
(565.188,508.688)&(571.812,510.25)
(686.438,494.5)&(696.812,494.375)
(561.938,438.125)&(569.938,438.188)
(821.125,490)&(834.062,490.125)
(133.875,858.625)&(121.062,859.25)
(600.25,215.125)&(608.875,215.062)
(409.875,268.312)&(413.5,268.125)
(704.875,480.25)&(715.688,480.75)
(334.25,464.438)&(337.25,464.688)
(449.75,857.75)&(443.562,857.938)
(464.938,113.25)&(470.812,113.312)
(698.125,112.062)&(708.125,112.562)
(695.125,577.188)&(705,576.125)
(481.375,989.938)&(475.625,990.062)
(278,91.125)&(280.312,91.125)
(451,65.5625)&(456.875,65.25)
(648.75,326.375)&(658.5,325.688)
(405.312,27.125)&(410.75,27.25)
(335.188,257.75)&(325.688,258.938)
(152.875,710.875)&(150.875,709.25)
(421.062,305.625)&(414.375,305.875)
(483.125,575.875)&(477.562,575.188)
(895.812,811.312)&(899.562,811.125)
(313.062,29.875)&(304.812,30.125)
(650.812,507.438)&(649.062,508.25)
(627.938,154.625)&(625.438,154.188)
(416.75,172.938)&(410.5,173.312)
(555.438,723.438)&(550.812,723.125)
(458.625,45.4375)&(452.75,45.375)
(959.938,744.375)&(964.375,744.062)
(953.062,250.75)&(957.688,250.5)
(746.625,516.312)&(747.375,516.562)
(369.188,927.5)&(372.062,927.688)
(296.812,356.125)&(300.312,356.875)
(427,883.125)&(420.625,883.312)
(442.125,397.875)&(446.812,397.938)
(719.438,506)&(732.375,504.188)
(42.6875,478.75)&(27.875,479.062)
(471.5,684.5)&(477.375,684.062)
(710.438,666.625)&(721.938,666.312)
(229.75,30.75)&(241,26.25)
(626.375,8.1875)&(634.5,14.75)
(42.6875,478.75)&(27.875,479.062)
(471.5,684.5)&(477.375,684.062)
(710.438,666.625)&(721.938,666.312)
(229.75,30.75)&(241,26.25)
(626.375,8.1875)&(634.5,14.75)
#