43 41
(301.125,391)&(302.562,390.5)
(430.375,882.875)&(424.062,883.125)
(559.312,509.125)&(568.25,508.75)
(886.688,580.438)&(902.25,581.375)
(402.875,106.375)&(408.375,106.438)
(31.5,612.812)&(14.8125,613.562)
(439.375,398.375)&(444.062,397.688)
(230.062,30.5)&(229.875,30.6875)
(618.875,14.6875)&(631,10.25)
(557.375,437.938)&(566.875,437.875)
(595.875,214.938)&(604.688,215.125)
(295.438,355.875)&(298.188,356.188)
(447.312,326.375)&(452.562,326.438)
(407.812,269)&(411.125,268.562)
(141.125,858.812)&(127.438,858.812)
(277.125,90.875)&(278.938,91.0625)
(778.125,312.438)&(791.562,312.125)
(681.125,494.5)&(691.625,494.625)
(669,530.75)&(679.5,529.75)
(699.375,480.188)&(710.188,480.625)
(332.75,464.438)&(336,464.688)
(740.438,39.375)&(754.312,35.6875)
(462.25,113.188)&(467.812,113.312)
(403.25,27.1875)&(407.812,27.0625)
(453.188,857.625)&(446.438,857.875)
(448.25,65.375)&(453.625,65.375)
(484.25,990.188)&(478.75,989.875)
(692.188,111.75)&(703.062,112.5)
(689.5,577.125)&(700.562,576.625)
(814,489.688)&(827.625,490.188)
(643.062,326.688)&(653.812,326)
(342.25,256.062)&(330.5,257.812)
(485.812,575.375)&(480.25,575.25)
(153,709.75)&(150.688,709)
(424.625,305.562)&(417.688,305.812)
(420.438,172.938)&(413.75,173.312)
(317.125,29.75)&(308.938,30.125)
(231.938,660.875)&(232.188,660.812)
(956.812,744.688)&(962.312,744.188)
(949.812,250.625)&(955.312,250.688)
(746.375,516)&(747.5,516.188)
(628.562,154.562)&(626.75,154.125)
(651.312,507.188)&(650,507.75)
(893.5,811.188)&(897.812,810.75)
(461.438,45.9375)&(455.812,45.3125)
(557.438,723.5)&(553.5,723.625)
(469.25,684.5)&(474,684.375)
(367.25,927.875)&(370.562,927.562)
(402.875,106.375)&(408.375,106.438)
(886.688,580.438)&(902.25,581.375)
(559.312,509.125)&(568.25,508.75)
(430.375,882.875)&(424.062,883.125)
(50.875,478.75)&(35,479)
(703.688,666.875)&(715.562,666.688)
(712.375,506.75)&(727.312,503.75)
(50.875,478.75)&(35,479)
(703.688,666.875)&(715.562,666.688)
(712.375,506.75)&(727.312,503.75)
#