42 44
(747.125,39.375)&(734.25,39.5625)
(22.75,613)&(40.5625,612.875)
(719.438,506)&(708.312,505.125)
(442.125,397.875)&(437.25,398.188)
(427,883.125)&(434.938,882.438)
(296.812,356.125)&(294.875,355.938)
(229.75,30.75)&(229.688,30.3125)
(895.688,582.312)&(881.438,586.812)
(784.562,312.062)&(771.438,312.438)
(449.938,326.438)&(444.75,326.438)
(674.25,530.312)&(663.875,531.062)
(565.188,508.688)&(559.625,505.938)
(686.438,494.5)&(676.312,494.5)
(561.938,438.125)&(554.125,437.25)
(821.125,490)&(806.375,490.5)
(133.875,858.625)&(149,858.875)
(600.25,215.125)&(591.312,215.25)
(710.438,666.625)&(699,666.75)
(409.875,268.312)&(405.5,269.125)
(704.875,480.25)&(693.438,480.188)
(449.75,857.75)&(456.562,857.688)
(464.938,113.25)&(459.188,112.688)
(698.125,112.062)&(686.125,112.375)
(695.125,577.188)&(683.562,576.812)
(481.375,989.938)&(486.875,990.312)
(278,91.125)&(276.438,90.4375)
(451,65.5625)&(445.438,65.25)
(648.75,326.375)&(637.938,326.688)
(405.312,27.125)&(401.625,27.4375)
(42.6875,478.75)&(59.125,478.562)
(152.875,710.875)&(154.625,709.062)
(421.062,305.625)&(428.625,305.5)
(232.125,661.125)&(232.875,661.062)
(895.812,811.312)&(890.75,811.375)
(313.062,29.875)&(322.125,29.9375)
(650.812,507.438)&(651.625,507.312)
(627.938,154.625)&(629,154.938)
(416.75,172.938)&(423.938,173)
(458.625,45.4375)&(464.188,45.625)
(959.938,744.375)&(953.312,744.625)
(746.625,516.312)&(745.938,516)
(301.688,390.688)&(298.562,389.812)
(483.125,575.875)&(488.938,575.312)
(555.438,723.438)&(559.75,723.562)
(334.25,464.438)&(331.75,464.562)
(953.062,250.75)&(945.875,250.625)
(427,883.125)&(434.938,882.438)
(442.125,397.875)&(437.25,398.188)
(719.438,506)&(708.312,505.125)
(22.75,613)&(40.5625,612.875)
(471.5,684.5)&(466.25,684.312)
(471.5,684.5)&(466.25,684.312)
(471.5,684.5)&(466.25,684.312)
#