43 45
(301.125,391)&(298.625,389.5)
(430.375,882.875)&(439,882.562)
(559.312,509.125)&(555.562,506.25)
(886.688,580.438)&(869.062,580.938)
(402.875,106.375)&(399,106.438)
(439.375,398.375)&(434.562,397.312)
(618.875,14.6875)&(608.875,14.8125)
(557.375,437.938)&(550.625,437.312)
(595.875,214.938)&(586.312,214.938)
(295.438,355.875)&(295.125,355.75)
(447.312,326.375)&(442.562,326)
(407.812,269)&(403.562,268.75)
(141.125,858.812)&(157.5,859.25)
(277.125,90.875)&(275.875,90)
(778.125,312.438)&(764.125,312.375)
(681.125,494.5)&(670.062,494.562)
(669,530.75)&(658.062,530.875)
(893.5,811.188)&(888.062,811.125)
(699.375,480.188)&(687.562,480.125)
(332.75,464.438)&(330.938,464.375)
(740.438,39.375)&(727.75,39.1875)
(462.25,113.188)&(455.812,112.062)
(403.25,27.1875)&(398.5,27.4375)
(453.188,857.625)&(460.25,857.75)
(448.25,65.375)&(442.625,65.1875)
(712.375,506.75)&(699.562,507.562)
(703.688,666.875)&(699.125,666.562)
(484.25,990.188)&(490.062,990.188)
(692.188,111.75)&(679.562,112.875)
(689.5,577.125)&(677.562,576.875)
(814,489.688)&(798.125,490.25)
(643.062,326.688)&(632.875,326.625)
(342.25,256.062)&(352.938,255.125)
(31.5,612.812)&(50.4375,612)
(485.812,575.375)&(491.688,575.5)
(230.062,30.5)&(239.688,25.5)
(424.625,305.562)&(432.188,305.438)
(420.438,172.938)&(427.75,172.75)
(317.125,29.75)&(327.188,29.1875)
(956.812,744.688)&(949.188,744.875)
(949.812,250.625)&(941.5,250.562)
(746.375,516)&(744.875,515.625)
(628.562,154.562)&(629.312,154.938)
(651.312,507.188)&(652.062,507.5)
(461.438,45.9375)&(467.125,45.3125)
(557.438,723.5)&(562.25,723.25)
(50.875,478.75)&(67.625,478.812)
(402.875,106.375)&(399,106.438)
(886.688,580.438)&(869.062,580.938)
(559.312,509.125)&(555.562,506.25)
(430.375,882.875)&(439,882.562)
(469.25,684.5)&(462.875,684.312)
(231.938,660.875)&(233.812,660.812)
(153,709.75)&(156.5,708.25)
(469.25,684.5)&(462.875,684.312)
(231.938,660.875)&(233.812,660.812)
(153,709.75)&(156.5,708.25)
#