44 46
(567.875,771.062)&(565.125,771.062)
(298.562,389.812)&(299.312,390.25)
(877.312,579.5)&(861.062,583.188)
(437.25,398.188)&(432.312,397.625)
(154.625,709.062)&(159.125,708.25)
(294.875,355.938)&(295.938,355.75)
(232.875,661.062)&(233.938,660.688)
(444.75,326.438)&(440.312,326.062)
(276.438,90.4375)&(276.375,89.625)
(708.312,505.125)&(694.375,506.062)
(401,106.688)&(397.5,106.562)
(596.312,859.062)&(586.938,863.188)
(405.5,269.125)&(402.062,268.938)
(401.625,27.4375)&(396.625,27.5625)
(466.25,684.312)&(460.688,683.938)
(238.688,25.5625)&(240.812,25.75)
(591.312,215.25)&(581.125,214.812)
(331.75,464.562)&(330.5,464.062)
(459.188,112.688)&(452.625,112.062)
(771.438,312.438)&(756.375,312.062)
(676.312,494.5)&(663.812,495)
(699,666.75)&(685.875,667.25)
(554.125,437.25)&(546.875,437.812)
(806.375,490.5)&(790,490.188)
(693.438,480.188)&(681.125,479.938)
(663.875,531.062)&(652.062,531.062)
(445.438,65.25)&(440.188,65.125)
(683.562,576.812)&(671.375,576.625)
(686.125,112.375)&(673.375,112.812)
(734.25,39.5625)&(721.812,33.6875)
(637.938,326.688)&(627.375,326.688)
(614.25,15.4375)&(611.5,12.5)
(488.938,575.312)&(495.5,575.688)
(349.188,254.25)&(358.625,254.438)
(322.125,29.9375)&(332.5,29.1875)
(953.312,744.625)&(944.25,745.125)
(428.625,305.5)&(436.188,305.25)
(423.938,173)&(431.812,172.5)
(945.875,250.625)&(937.125,251.062)
(434.938,882.438)&(442.188,883.312)
(651.625,507.312)&(652.812,507.938)
(149,858.875)&(166.438,858.938)
(629,154.938)&(629.562,154.625)
(559.75,723.562)&(563.062,723.375)
(745.938,516)&(743.562,516.375)
(456.562,857.688)&(463.5,857.625)
(464.188,45.625)&(469.875,45.125)
(890.75,811.375)&(884.625,811.188)
(486.875,990.312)&(492.75,990.438)
(154.625,709.062)&(159.125,708.25)
(437.25,398.188)&(432.312,397.625)
(877.312,579.5)&(861.062,583.188)
(298.562,389.812)&(299.312,390.25)
(738.438,18.8125)&(721.812,33.6875)
(559.625,505.938)&(546.812,509)
(738.438,18.8125)&(721.812,33.6875)
(559.625,505.938)&(546.812,509)
#