47 45
(675.062,479.562)&(687.562,480.125)
(848.688,580.125)&(869.062,580.938)
(295,354.625)&(295.125,355.75)
(598.25,15.8125)&(608.875,14.8125)
(295,354.625)&(295.125,355.75)
(848.562,579.812)&(869.062,580.938)
(437.438,326)&(442.562,326)
(544.875,507.625)&(550.25,510.062)
(686.875,507.188)&(699.562,507.562)
(445.938,883.188)&(439,882.562)
(599.875,859.375)&(597.562,858.938)
(395.75,106.375)&(399,106.438)
(576.125,214.75)&(586.312,214.938)
(277.5,89.6875)&(275.875,90)
(450,112.188)&(455.812,112.062)
(686.875,666.312)&(692.812,666.938)
(713.5,39.4375)&(727.75,39.1875)
(430.5,397.875)&(434.562,397.312)
(394.562,27)&(398.5,27.4375)
(400.312,268.875)&(403.562,268.75)
(781.375,490.5)&(798.125,490.25)
(175.062,858.875)&(157.5,859.25)
(299.312,390.312)&(298.625,389.5)
(665.062,576.562)&(677.562,576.875)
(437.812,64.875)&(442.625,65.1875)
(466.688,857.562)&(460.25,857.75)
(542.5,438.062)&(550.625,437.312)
(675.062,479.562)&(687.562,480.125)
(646.625,530.875)&(658.062,530.875)
(495.75,990.562)&(490.062,990.188)
(667.062,112.875)&(679.562,112.875)
(621.812,326.438)&(632.875,326.625)
(330.312,464.188)&(330.938,464.375)
(931.625,250.75)&(941.5,250.562)
(440.375,305)&(432.188,305.438)
(364.062,254.062)&(352.938,255.125)
(499.375,575.25)&(491.688,575.5)
(939.688,745.062)&(949.188,744.875)
(630,154.375)&(629.312,154.938)
(653.688,508.062)&(652.062,507.5)
(436,172)&(427.75,172.75)
(337.938,28.8125)&(327.188,29.1875)
(741.938,516.562)&(744.875,515.625)
(565.438,723)&(562.25,723.25)
(472.562,45.0625)&(467.125,45.3125)
(295,354.625)&(295.125,355.75)
(598.25,15.8125)&(608.875,14.8125)
(295,354.625)&(295.125,355.75)
(848.688,580.125)&(869.062,580.938)
(235.875,661.5)&(233.812,660.812)
(458.625,684)&(462.875,684.312)
(72.25,612.438)&(50.4375,612)
(161.125,708.438)&(156.5,708.25)
(235.875,661.5)&(233.812,660.812)
(458.625,684)&(462.875,684.312)
(72.25,612.438)&(50.4375,612)
(161.125,708.438)&(156.5,708.25)
#