48 46
(295.188,354.312)&(295.938,355.75)
(295.188,354.312)&(295.938,355.75)
(450.312,883.438)&(442.188,883.312)
(590.312,862.188)&(586.938,863.188)
(679.75,507.688)&(694.375,506.062)
(600.75,859.875)&(598.875,858.812)
(393.438,105.875)&(397.5,106.562)
(237.5,660.688)&(233.938,660.688)
(675,667.125)&(685.875,667.25)
(668.375,480.25)&(681.125,479.938)
(542.625,506.375)&(546.812,509)
(435.5,326.125)&(440.312,326.062)
(300.688,390.875)&(299.312,390.25)
(184.188,858.938)&(166.438,858.938)
(739.375,312)&(756.375,312.062)
(773.25,490.062)&(790,490.188)
(571.5,214.688)&(581.125,214.812)
(428.875,397.562)&(432.312,397.625)
(330.25,463.938)&(330.5,464.062)
(397.812,268.25)&(402.062,268.938)
(538.125,438)&(546.875,437.812)
(470.562,857.438)&(463.5,857.625)
(675,667.125)&(685.875,667.25)
(640.375,530.938)&(652.062,531.062)
(658.875,576.75)&(671.375,576.625)
(498.625,990.562)&(492.75,990.438)
(616.188,326.688)&(627.375,326.688)
(659.875,113.188)&(673.375,112.812)
(926.312,250.75)&(937.125,251.062)
(164.188,708.625)&(159.125,708.25)
(456.062,684.125)&(460.688,683.938)
(630.688,154.625)&(629.562,154.625)
(934.812,745.25)&(944.25,745.125)
(447.688,112.25)&(452.625,112.062)
(740.875,516.812)&(743.562,516.375)
(362.562,928)&(363.688,927.688)
(369.062,254.812)&(358.625,254.438)
(444.312,304.938)&(436.188,305.25)
(567.812,722.938)&(563.062,723.375)
(502.438,575.062)&(495.5,575.688)
(439.688,171.938)&(431.812,172.5)
(654.188,508.188)&(652.812,507.938)
(839.562,580.312)&(861.062,583.188)
(344,29.0625)&(332.5,29.1875)
(435.062,64.4375)&(440.188,65.125)
(391.938,27.125)&(396.625,27.5625)
(679.75,507.688)&(694.375,506.062)
(590.312,862.188)&(586.938,863.188)
(450.312,883.438)&(442.188,883.312)
(295.188,354.312)&(295.938,355.75)
(705.688,39)&(721.812,33.6875)
(475.438,45)&(469.875,45.125)
(20.375,445.062)&(12.125,455.125)
(705.688,39)&(721.812,33.6875)
(475.438,45)&(469.875,45.125)
(20.375,445.062)&(12.125,455.125)
(705.688,39)&(721.812,33.6875)
(475.438,45)&(469.875,45.125)
#