11 12
(433.312,390.312)&(425.25,391)
(894,581.188)&(900,580.625)
(315.938,709.125)&(305.75,709.125)
(894,581.188)&(900,580.625)
(63.0625,615.562)&(52.1875,615.562)
(379.562,883)&(379,882.812)
(860.375,504.75)&(874.25,504.375)
(458.062,464.688)&(451.688,464.438)
(398.375,857.625)&(398.062,857.312)
(632.75,511.438)&(636.375,506.75)
(633.438,436.812)&(632.938,437.125)
(477.062,722.312)&(479.562,722.5)
(563.75,683.062)&(561.125,683.312)
(430.312,355.438)&(423.812,356)
(753.938,504.062)&(758.062,504.375)
(832.938,487.875)&(838.625,487.562)
(309.188,260.5)&(305.5,260.5)
(380,661)&(371.5,661.188)
(807.688,309.938)&(812.938,310.062)
(742.938,479.438)&(746.75,479.562)
(540.312,396.875)&(537.062,397.75)
(794.812,743.062)&(806.25,743.312)
(728.562,492.625)&(731.312,493.188)
(665.75,214.312)&(666,214.25)
(739.125,112)&(742.188,112.062)
(181.938,711.875)&(167.25,712.125)
(734.875,575.188)&(737.125,574.875)
(418.812,93.125)&(411.438,92.5625)
(174.062,503.25)&(159.688,503.438)
(420.812,575.938)&(421.938,575.875)
(554.125,508.438)&(558.875,508.312)
(746.812,664.5)&(750.938,664.625)
(561.875,112.625)&(558.688,112.625)
(519.75,28.375)&(515.375,28.125)
(152.688,859.812)&(145.062,859.938)
(547.25,326.688)&(544.75,326.375)
(717.938,529.062)&(720.5,528.875)
(701.5,325.125)&(703.312,325.188)
(170.312,549.312)&(156,548.75)
(745.125,808.75)&(755.125,808.438)
(115.625,527.938)&(98.75,528.5)
(552.438,64.75)&(549.438,64.8125)
(516.688,107.375)&(512.625,107.438)
(427.188,989.125)&(427.375,989.188)
(902.938,448.25)&(918.5,448.125)
(886.125,264.562)&(901.25,264.75)
(991.625,515.25)&(1010.5,514.625)
(864.688,205.562)&(879.375,206.062)
(374.062,307.312)&(373.188,307.375)
(412.188,48)&(412.312,47.9375)
(538.938,155.688)&(543.25,155.5)
(503.25,862.125)&(513.938,860.75)
(298.062,32.125)&(294.25,32.1875)
(791.75,250.062)&(803,249.938)
(376.688,175.438)&(375.562,175.375)
(63.0625,615.562)&(52.1875,615.562)
(894,581.188)&(900,580.625)
(315.938,709.125)&(305.75,709.125)
(894,581.188)&(900,580.625)
(187.312,447.25)&(177.562,457.75)
(387.625,28)&(372.625,32.375)
(187.312,447.25)&(177.562,457.75)
(387.625,28)&(372.625,32.375)
#