47 49
(848.688,580.125)&(831.125,582.562)
(295,354.625)&(296.125,354.188)
(598.25,15.8125)&(587.25,14.6875)
(295,354.625)&(296.125,354.188)
(161.125,708.438)&(170.25,711.25)
(848.562,579.812)&(831.125,582.562)
(437.438,326)&(433.938,326.062)
(544.875,507.625)&(538.312,507.25)
(686.875,507.188)&(673.5,507.312)
(599.875,859.375)&(592.25,863.312)
(395.75,106.375)&(392.375,105.938)
(576.125,214.75)&(566.562,214.562)
(450,112.188)&(445.5,111.938)
(458.625,684)&(453.312,684.125)
(713.5,39.4375)&(698,36.75)
(430.5,397.875)&(426.938,397.812)
(394.562,27)&(390.5,26.8125)
(400.312,268.875)&(396.625,268.438)
(781.375,490.5)&(764.188,489.938)
(299.312,390.312)&(301,390.188)
(665.062,576.562)&(653.125,576.688)
(235.875,661.5)&(239.438,660.375)
(437.812,64.875)&(432.812,64.375)
(542.5,438.062)&(534.312,438.062)
(646.625,530.875)&(633.75,530.625)
(363,927.562)&(362.625,928.25)
(667.062,112.875)&(653.188,113.312)
(621.812,326.438)&(610.562,326.75)
(330.312,464.188)&(329.938,463.938)
(931.625,250.75)&(920.062,250.625)
(440.375,305)&(448.562,304.75)
(72.25,612.438)&(96,612)
(364.062,254.062)&(375.625,253.812)
(499.375,575.25)&(505.438,575.312)
(939.688,745.062)&(929.25,745.062)
(445.938,883.188)&(454.938,883.438)
(630,154.375)&(630.625,154.062)
(653.688,508.062)&(653.625,508.375)
(436,172)&(444,171.875)
(337.938,28.8125)&(349.875,29.3125)
(741.938,516.562)&(738.438,516.625)
(175.062,858.875)&(194.438,858.75)
(565.438,723)&(569.625,722.75)
(472.562,45.0625)&(478.812,45.3125)
(466.688,857.562)&(474.562,857.5)
(495.75,990.562)&(502.188,990.188)
(161.125,708.438)&(170.25,711.25)
(295,354.625)&(296.125,354.188)
(598.25,15.8125)&(587.25,14.6875)
(295,354.625)&(296.125,354.188)
(686.875,666.312)&(668.938,666.75)
(686.875,666.312)&(668.938,666.75)
#