48 50
(295.188,354.312)&(299.062,356.438)
(164.188,708.625)&(172.312,709.25)
(295.188,354.312)&(299.062,356.438)
(456.062,684.125)&(450.688,683.688)
(679.75,507.688)&(665.688,506.562)
(600.75,859.875)&(593.375,863.438)
(393.438,105.875)&(390.5,106.188)
(237.5,660.688)&(241.688,660.438)
(668.375,480.25)&(654.125,480.938)
(542.625,506.375)&(534.75,507.25)
(435.5,326.125)&(431.562,326.062)
(300.688,390.875)&(301.812,390)
(447.688,112.25)&(442.688,112)
(739.375,312)&(722.438,311.75)
(773.25,490.062)&(754.812,490.25)
(571.5,214.688)&(561.375,215.188)
(428.875,397.562)&(424.875,397.688)
(330.25,463.938)&(330.688,464.188)
(435.062,64.4375)&(430.562,64.1875)
(705.688,39)&(689.688,38.9375)
(538.125,438)&(530.062,438.5)
(640.375,530.938)&(627.875,530.812)
(391.938,27.125)&(389.75,26.875)
(658.875,576.75)&(646.688,576.625)
(616.188,326.688)&(604.375,326.875)
(659.875,113.188)&(646.562,113.25)
(18.8125,537.875)&(44.25,539.688)
(1013.25,209.25)&(996.75,208.438)
(1013.44,506.562)&(998,506.812)
(18.8125,537.875)&(44.25,539.688)
(926.312,250.75)&(913.938,250.875)
(450.312,883.438)&(459.625,883.375)
(369.062,254.812)&(377.812,257.562)
(444.312,304.938)&(453.25,304.375)
(567.812,722.938)&(571.938,722.312)
(1013.25,209.25)&(996.75,208.438)
(502.438,575.062)&(508.438,574.875)
(630.688,154.625)&(629.688,153.625)
(934.812,745.25)&(922.75,744.875)
(439.688,171.938)&(448.062,172)
(344,29.0625)&(355.688,29.4375)
(184.188,858.938)&(204.188,858.5)
(475.438,45)&(482,45.5625)
(740.875,516.812)&(736.125,516.562)
(470.562,857.438)&(478.812,857.312)
(498.625,990.562)&(505.438,990.25)
(679.75,507.688)&(665.688,506.562)
(456.062,684.125)&(450.688,683.688)
(295.188,354.312)&(299.062,356.438)
(164.188,708.625)&(172.312,709.25)
(362.562,928)&(362.312,927.938)
(675,667.125)&(660.188,666.75)
(839.562,580.312)&(819,582.188)
(675,667.125)&(660.188,666.75)
(362.562,928)&(362.312,927.938)
(675,667.125)&(660.188,666.75)
(839.562,580.312)&(819,582.188)
(675,667.125)&(660.188,666.75)
#