51 49
(573.25,722.688)&(569.625,722.75)
(987.938,208.5)&(1005.25,208.5)
(576.438,15.8125)&(587.25,14.6875)
(29.125,711.5)&(14.375,711.312)
(603.188,860.75)&(601.812,859.875)
(988.938,506.812)&(1005.94,506.5)
(576.438,15.8125)&(587.25,14.6875)
(300.375,356.5)&(296.125,354.188)
(244.75,660.375)&(239.438,660.375)
(531.188,507)&(538.312,507.25)
(987.938,208.5)&(1005.25,208.5)
(906.812,250.875)&(920.062,250.625)
(387.688,26.6875)&(390.5,26.8125)
(429.438,325.875)&(433.938,326.062)
(573.25,722.688)&(569.625,722.75)
(594,863)&(592.25,863.312)
(422.812,397.75)&(426.938,397.812)
(428.312,63.875)&(432.812,64.375)
(861.125,811.438)&(871.5,811.062)
(681.562,39)&(698,36.75)
(440.125,111.812)&(445.5,111.938)
(733.312,515.875)&(738.438,516.625)
(464.125,882.938)&(454.938,883.438)
(556.25,215.188)&(566.562,214.562)
(389.562,105.875)&(392.375,105.938)
(482.75,857.188)&(474.562,857.5)
(640.062,113)&(653.188,113.312)
(916,745.125)&(929.25,745.062)
(331.438,464.438)&(329.938,463.938)
(508.75,990.25)&(502.188,990.188)
(37.875,613.5)&(15.125,613.625)
(120.75,611.625)&(96,612)
(457.562,303.875)&(448.562,304.75)
(448.625,683.812)&(453.312,684.125)
(361.625,28.625)&(349.875,29.3125)
(629.875,153.688)&(630.625,154.062)
(808.062,582.75)&(831.125,582.562)
(452.062,172.125)&(444,171.875)
(384.312,256.938)&(375.625,253.812)
(362.312,928.062)&(362.625,928.25)
(485.625,45)&(478.812,45.3125)
(653.688,666.75)&(668.938,666.75)
(621.938,530.875)&(633.75,530.625)
(745.375,490.25)&(764.188,489.938)
(213.938,858.438)&(194.438,858.75)
(598.188,326.812)&(610.562,326.75)
(713.312,311.875)&(731.188,312.25)
(525.688,438.312)&(534.312,438.062)
(603.188,860.75)&(601.812,859.875)
(29.125,711.5)&(14.375,711.312)
(576.438,15.8125)&(587.25,14.6875)
(987.938,208.5)&(1005.25,208.5)
(58.5625,535.125)&(29.6875,543.812)
(177.375,708.75)&(170.25,711.25)
(511.375,574.875)&(505.438,575.312)
(58.5625,535.125)&(29.6875,543.812)
(177.375,708.75)&(170.25,711.25)
(511.375,574.875)&(505.438,575.312)
(58.5625,535.125)&(29.6875,543.812)
(177.375,708.75)&(170.25,711.25)
(511.375,574.875)&(505.438,575.312)
#