50 52
(9.375,546.5)&(26.4375,546.562)
(299.062,356.438)&(300.688,355.625)
(299.062,356.438)&(300.688,355.625)
(431.562,326.062)&(427.75,325.562)
(534.75,507.25)&(526.25,507.75)
(665.688,506.562)&(651.875,507)
(390.5,106.188)&(389.312,105.5)
(424.875,397.688)&(421.375,397.812)
(582.75,12.4375)&(570.5,14.625)
(561.375,215.188)&(551.5,214.938)
(459.625,883.375)&(468.25,883.312)
(627.875,530.812)&(615.125,530.562)
(389.75,26.875)&(386.812,26.4375)
(204.188,858.5)&(225.125,858.312)
(660.188,666.75)&(649.625,666.812)
(9.375,546.5)&(26.4375,546.562)
(442.688,112)&(437.375,111.75)
(604.375,326.875)&(592.812,326.5)
(654.125,480.938)&(639.938,481.125)
(689.688,38.9375)&(673.062,39.0625)
(638.125,494.812)&(624.938,495.312)
(301.812,390)&(304.75,389.938)
(430.562,64.1875)&(426.125,64)
(922.75,744.875)&(908.25,745.25)
(866.312,811)&(855.375,811.5)
(478.812,857.312)&(486.312,857.5)
(593.375,863.438)&(595,862.125)
(330.688,464.188)&(332.375,464.438)
(530.062,438.5)&(521.25,438.375)
(646.562,113.25)&(632.375,113)
(722.438,311.75)&(704.938,312)
(505.438,990.25)&(511.562,990.375)
(754.812,490.25)&(735.438,490.438)
(996.75,208.438)&(977.75,208.062)
(21.75,711.188)&(38.125,711.062)
(453.25,304.375)&(462.5,304.188)
(241.688,660.438)&(248,660.75)
(172.312,709.25)&(182.188,708.625)
(450.688,683.688)&(446.812,684.125)
(996.75,208.438)&(977.75,208.062)
(629.688,153.625)&(629.875,153.812)
(448.062,172)&(456.688,172.062)
(482,45.5625)&(488.688,45.0625)
(355.688,29.4375)&(368.188,28.5)
(362.312,927.938)&(362.625,927.938)
(913.938,250.875)&(899.625,250.625)
(24.625,613.5)&(51.125,613.062)
(108.375,611.75)&(134.75,611.438)
(44.25,539.688)&(74.0625,535.062)
(508.438,574.875)&(515,574.875)
(377.812,257.562)&(393.875,253.438)
(736.125,516.562)&(730.562,516.188)
(534.75,507.25)&(526.25,507.75)
(431.562,326.062)&(427.75,325.562)
(299.062,356.438)&(300.688,355.625)
(299.062,356.438)&(300.688,355.625)
(646.688,576.625)&(631.812,576.688)
(819,582.188)&(797.125,583.5)
(571.938,722.312)&(575.062,722.625)
(819,582.188)&(797.125,583.5)
(998,506.812)&(979.5,506.812)
(646.688,576.625)&(631.812,576.688)
(819,582.188)&(797.125,583.5)
(571.938,722.312)&(575.062,722.625)
(819,582.188)&(797.125,583.5)
(998,506.812)&(979.5,506.812)
(646.688,576.625)&(631.812,576.688)
(819,582.188)&(797.125,583.5)
(571.938,722.312)&(575.062,722.625)
(819,582.188)&(797.125,583.5)
(998,506.812)&(979.5,506.812)
#