51 53
(987.938,208.5)&(967.625,207.812)
(576.438,15.8125)&(565,15.25)
(603.188,860.75)&(595.938,862.75)
(988.938,506.812)&(970.188,507.062)
(576.438,15.8125)&(565,15.25)
(300.375,356.5)&(301.562,354.75)
(244.75,660.375)&(251.812,660.625)
(448.625,683.812)&(445.188,684.062)
(177.375,708.75)&(187.125,709.688)
(987.938,208.5)&(967.625,207.812)
(906.812,250.875)&(891.438,250.438)
(1014.44,266.562)&(992.688,266.625)
(429.438,325.875)&(426.25,325.75)
(656.375,507.062)&(647.562,506.312)
(362.312,928.062)&(363.125,928)
(422.812,397.75)&(419.938,398.125)
(428.312,63.875)&(424.25,64.1875)
(861.125,811.438)&(850,811.312)
(681.562,39)&(664.5,39.25)
(440.125,111.812)&(435.375,111.875)
(598.188,326.812)&(586.438,326.5)
(646.938,481)&(633.125,481.062)
(556.25,215.188)&(546.188,214.75)
(389.562,105.875)&(388.188,105.312)
(640.062,113)&(623.938,113.188)
(916,745.125)&(900.312,745.438)
(713.312,311.875)&(695.75,311.812)
(331.438,464.438)&(333.062,464.188)
(525.688,438.312)&(517.125,438.25)
(42.9375,579.125)&(69.5,578.375)
(573.25,722.688)&(576.5,722.375)
(120.75,611.625)&(147.812,611.125)
(457.562,303.875)&(467.312,304.25)
(511.375,574.875)&(518.188,574.438)
(629.875,153.688)&(629.375,153.688)
(573.25,722.688)&(576.5,722.375)
(452.062,172.125)&(460.75,171.625)
(485.625,45)&(491.562,44.875)
(733.312,515.875)&(727.312,516.188)
(464.125,882.938)&(472.375,883.062)
(482.75,857.188)&(490.062,857.625)
(508.75,990.25)&(514.5,990.438)
(29.125,711.5)&(47.1875,711.062)
(531.188,507)&(520.875,508)
(808.062,582.75)&(785.625,583.875)
(17.5625,546.562)&(36,545.688)
(653.688,666.75)&(639.25,666.938)
(621.938,530.875)&(608.625,531)
(745.375,490.25)&(725.062,491)
(576.438,15.8125)&(565,15.25)
(988.938,506.812)&(970.188,507.062)
(603.188,860.75)&(595.938,862.75)
(576.438,15.8125)&(565,15.25)
(43.4375,445.5)&(62.75,453.625)
(58.5625,535.125)&(88.25,540.625)
(43.4375,445.5)&(62.75,453.625)
(58.5625,535.125)&(88.25,540.625)
(43.4375,445.5)&(62.75,453.625)
(58.5625,535.125)&(88.25,540.625)
#