54 52
(957.062,208.312)&(977.75,208.062)
(442.062,683.688)&(446.812,684.125)
(959.938,507.062)&(979.5,506.812)
(980.938,266.125)&(1003.44,266.25)
(192.438,708.625)&(182.188,708.625)
(559.25,14.375)&(570.5,14.625)
(883.188,250.688)&(899.625,250.625)
(957.062,208.312)&(977.75,208.062)
(424.75,325.438)&(427.75,325.562)
(516,507.75)&(526.25,507.75)
(254.938,660.438)&(248,660.75)
(418.812,397.938)&(421.375,397.812)
(387,105.188)&(389.312,105.5)
(433.375,111.688)&(437.375,111.75)
(625.688,481.25)&(639.938,481.125)
(422.25,64.3125)&(426.125,64)
(597.5,863.5)&(603.938,861.188)
(891.75,745.312)&(908.25,745.25)
(364.375,927.875)&(362.625,927.938)
(333.812,464)&(332.375,464.438)
(618.25,577.312)&(631.812,576.688)
(540.812,214.812)&(551.5,214.938)
(579.812,326.5)&(592.812,326.5)
(656.125,39.375)&(673.062,39.0625)
(304.188,355.688)&(300.688,355.625)
(383.312,27.3125)&(386.812,26.4375)
(616.625,112.812)&(632.375,113)
(512.562,438.125)&(521.25,438.375)
(843.375,811.312)&(855.375,811.5)
(578.312,722.625)&(575.062,722.625)
(162.062,610.625)&(134.75,611.438)
(521.625,574.438)&(515,574.875)
(405.688,253.188)&(393.875,253.438)
(578.312,722.625)&(575.062,722.625)
(249.062,858.312)&(225.125,858.312)
(650,507.5)&(651.875,507)
(477.5,883.5)&(468.25,883.312)
(629,153.812)&(629.875,153.812)
(471.562,304.5)&(462.5,304.188)
(723.875,515.75)&(730.562,516.188)
(465.188,171.875)&(456.688,172.062)
(494.625,44.5)&(488.688,45.0625)
(517.438,990.438)&(511.562,990.375)
(57.1875,711.062)&(38.125,711.062)
(57.1875,711.062)&(38.125,711.062)
(772.438,581.938)&(797.125,583.5)
(610.5,495.438)&(624.938,495.312)
(46,545.625)&(26.4375,546.562)
(632.25,667.125)&(649.625,666.812)
(685.25,311.812)&(704.938,312)
(714.562,490.75)&(735.438,490.438)
(192.438,708.625)&(182.188,708.625)
(980.938,266.125)&(1003.44,266.25)
(959.938,507.062)&(979.5,506.812)
(442.062,683.688)&(446.812,684.125)
(104.25,542.625)&(74.0625,535.062)
(104.25,542.625)&(74.0625,535.062)
#