55 53
(946.062,208.5)&(967.625,207.812)
(948.438,507)&(970.188,507.062)
(969.312,266.625)&(992.688,266.625)
(198.625,708.312)&(187.125,709.688)
(305.688,354.812)&(301.562,354.75)
(67.9375,710.875)&(47.1875,711.062)
(874.062,251)&(891.438,250.438)
(431.375,111.5)&(435.375,111.875)
(946.062,208.5)&(967.625,207.812)
(420.188,64)&(424.25,64.1875)
(259.188,660.5)&(251.812,660.625)
(417.75,397.625)&(419.938,398.125)
(305.688,354.812)&(301.562,354.75)
(599,862.375)&(595.938,862.75)
(422.938,325.188)&(426.25,325.75)
(57.375,546)&(36,545.688)
(646.438,39.75)&(664.5,39.25)
(882.125,745.438)&(900.312,745.438)
(390.688,268.125)&(392.312,269.25)
(552.25,14.3125)&(565,15.25)
(535.312,215)&(546.188,214.75)
(608.75,113.562)&(623.938,113.188)
(336.25,464)&(333.062,464.188)
(835.875,811.625)&(850,811.312)
(720.25,516.188)&(727.312,516.188)
(520.312,990)&(514.5,990.438)
(82.3125,454)&(62.75,453.625)
(87.125,657.938)&(57.8125,657.625)
(177.312,610.562)&(147.812,611.125)
(122.5,534.875)&(88.25,540.625)
(411.938,253.938)&(400,252.875)
(603.938,495.062)&(618.5,495.562)
(476.438,304.125)&(467.312,304.25)
(365,928)&(363.125,928)
(497.875,44.3125)&(491.562,44.875)
(627.812,153.75)&(629.375,153.688)
(624.5,666.938)&(639.25,666.938)
(610.438,577.062)&(624.938,577.062)
(704.062,490.188)&(725.062,491)
(469.375,172.062)&(460.75,171.625)
(617.875,481.812)&(633.125,481.062)
(579.438,722.625)&(576.5,722.375)
(512.5,506.562)&(520.875,508)
(481.938,883.125)&(472.375,883.062)
(579.438,722.625)&(576.5,722.375)
(498.312,857.812)&(490.062,857.625)
(573.562,326.688)&(586.438,326.5)
(508.688,438.188)&(517.125,438.25)
(675.125,312.562)&(695.75,311.812)
(305.688,354.812)&(301.562,354.75)
(198.625,708.312)&(187.125,709.688)
(969.312,266.625)&(992.688,266.625)
(948.438,507)&(970.188,507.062)
(763.562,590.312)&(785.812,584.188)
(440.188,684.062)&(445.188,684.062)
(763.562,590.312)&(785.812,584.188)
(440.188,684.062)&(445.188,684.062)
(763.562,590.312)&(785.812,584.188)
(440.188,684.062)&(445.188,684.062)
#