54 56
(957.062,208.312)&(933.812,208.062)
(442.062,683.688)&(438.625,683.625)
(1003.19,451.312)&(977.25,451.438)
(959.938,507.062)&(936.25,506.812)
(980.938,266.125)&(956.438,266.438)
(559.25,14.375)&(546.75,15.4375)
(883.188,250.688)&(864.375,250.938)
(957.062,208.312)&(933.812,208.062)
(424.75,325.438)&(421.312,325.188)
(516,507.75)&(508.375,506.5)
(610.5,495.438)&(596.438,494.625)
(254.938,660.438)&(263.375,660.125)
(391.438,268.938)&(391.188,267.688)
(418.812,397.938)&(416.25,398.25)
(636.188,506.812)&(620.312,506.5)
(433.375,111.688)&(429.438,111.25)
(625.688,481.25)&(609.812,481.938)
(632.25,667.125)&(618.938,666.875)
(422.25,64.3125)&(418.875,63.75)
(891.75,745.312)&(873.125,745.188)
(364.375,927.875)&(365.5,928.125)
(333.812,464)&(337.438,463.625)
(618.25,577.312)&(602.688,577.438)
(540.812,214.812)&(529.938,214.938)
(579.812,326.5)&(566.875,326.312)
(656.125,39.375)&(637.5,39.4375)
(304.188,355.688)&(308.75,355.312)
(383.312,27.3125)&(383.75,25.8125)
(616.625,112.812)&(601.375,112.812)
(512.562,438.125)&(504.938,438.5)
(843.375,811.312)&(828.125,811.812)
(578.312,722.625)&(581.125,722.5)
(57.1875,711.062)&(78.5625,710.625)
(57.1875,711.062)&(78.5625,710.625)
(521.625,574.438)&(527.5,574.312)
(405.688,253.188)&(417.438,253.688)
(578.312,722.625)&(581.125,722.5)
(46,545.625)&(68.125,545.562)
(650,507.5)&(648.25,508)
(477.5,883.5)&(486.438,882.875)
(597.5,863.5)&(598.312,863)
(629,153.812)&(626.312,153.75)
(471.562,304.5)&(481.062,304.312)
(723.875,515.75)&(716.625,516.25)
(465.188,171.875)&(473.875,171.75)
(494.625,44.5)&(501.125,44.375)
(517.438,990.438)&(523.125,990.25)
(73.1875,658)&(104.938,658.812)
(162.062,610.625)&(192.75,611.312)
(340.625,997.875)&(359.625,997.5)
(249.062,858.312)&(272.312,857.688)
(685.25,311.812)&(665.812,312.125)
(714.562,490.75)&(693.25,490.062)
(980.938,266.125)&(956.438,266.438)
(959.938,507.062)&(936.25,506.812)
(1003.19,451.312)&(977.25,451.438)
(442.062,683.688)&(438.625,683.625)
(104.25,542.625)&(138.25,535.188)
(192.438,708.625)&(205.812,709)
(104.25,542.625)&(138.25,535.188)
(192.438,708.625)&(205.812,709)
(192.438,708.625)&(205.812,709)
#