55 57
(946.062,208.5)&(921.188,207.812)
(579.438,722.625)&(582.562,722.625)
(990.562,451.5)&(963.25,451.375)
(948.438,507)&(924.688,507.062)
(969.312,266.625)&(943.562,266.562)
(198.625,708.312)&(211.562,708.938)
(305.688,354.812)&(311,355.125)
(67.9375,710.875)&(90.3125,710)
(874.062,251)&(854.812,250.875)
(431.375,111.5)&(427.875,111.375)
(946.062,208.5)&(921.188,207.812)
(420.188,64)&(417.312,63.625)
(259.188,660.5)&(267.125,659.5)
(417.75,397.625)&(414.938,397.688)
(305.688,354.812)&(311,355.125)
(599,862.375)&(599.062,862.312)
(422.938,325.188)&(420.062,325.125)
(481.938,883.125)&(491.188,882.625)
(579.438,722.625)&(582.562,722.625)
(498.312,857.812)&(506.688,857.312)
(57.375,546)&(79.875,545.375)
(646.438,39.75)&(627.938,39.125)
(882.125,745.438)&(863.375,745.438)
(390.688,268.125)&(389.75,267.625)
(552.25,14.3125)&(539.625,14.75)
(535.312,215)&(524.375,214.75)
(608.75,113.562)&(592.938,112.5)
(336.25,464)&(339.062,463.938)
(835.875,811.625)&(819.812,812)
(720.25,516.188)&(712.562,516.125)
(385.188,26.8125)&(382.125,26)
(520.312,990)&(525.812,990.375)
(440.188,684.062)&(437.25,683.75)
(177.312,610.562)&(208.125,611.25)
(122.5,534.875)&(155.5,536.25)
(629.625,505.438)&(612.062,505.688)
(411.938,253.938)&(423.875,254.562)
(603.938,495.062)&(588.75,494.125)
(476.438,304.125)&(485.688,304.188)
(365,928)&(367,928)
(497.875,44.3125)&(504.5,44.125)
(627.812,153.75)&(625.375,153.5)
(624.5,666.938)&(608.312,667.062)
(610.438,577.062)&(595.688,577.875)
(704.062,490.188)&(682.5,490.438)
(675.125,312.562)&(654.938,312)
(469.375,172.062)&(478.562,171.5)
(617.875,481.812)&(601.5,481.438)
(260.688,858.062)&(285.438,857.688)
(573.562,326.688)&(560.125,326.375)
(508.688,438.188)&(500.25,438.062)
(969.312,266.625)&(943.562,266.562)
(948.438,507)&(924.688,507.062)
(990.562,451.5)&(963.25,451.375)
(579.438,722.625)&(582.562,722.625)
#