56 58
(581.125,722.5)&(582.688,722.625)
(546.75,15.4375)&(534.5,15.5625)
(977.25,451.438)&(948.625,451.25)
(936.25,506.812)&(912.188,506.625)
(308.75,355.312)&(314.812,354.812)
(312.875,390.062)&(318.562,389)
(598.312,863)&(599.312,862.375)
(873.125,745.188)&(853.25,745.5)
(486.438,882.875)&(496.5,883.188)
(546.75,15.4375)&(534.5,15.5625)
(617.5,877)&(616.75,876.562)
(418.875,63.75)&(415.5,63.6875)
(308.75,355.312)&(314.812,354.812)
(359.625,997.5)&(378.5,996.75)
(421.312,325.188)&(418.938,324.938)
(429.438,111.25)&(425.562,111.062)
(502.812,857.562)&(510.625,857.25)
(383.75,25.8125)&(381.438,26)
(529.938,214.938)&(518.75,214.938)
(581.125,722.5)&(582.688,722.625)
(68.125,545.562)&(92.4375,545.312)
(601.375,112.812)&(585.062,112.375)
(637.5,39.4375)&(618,38.875)
(391.188,267.688)&(389.875,267.438)
(828.125,811.812)&(811.188,811.875)
(523.125,990.25)&(528.688,990.125)
(716.625,516.25)&(708.438,516.125)
(438.625,683.625)&(435.375,683.125)
(205.812,709)&(219.188,708.312)
(618.938,666.875)&(599.812,667.312)
(78.5625,710.625)&(102.312,709.562)
(395.562,27.5)&(410.25,27.125)
(263.375,660.125)&(272.375,660.812)
(997.125,485.062)&(950.375,485.312)
(620.312,506.5)&(602.188,507.125)
(563.812,128.125)&(565.375,128.75)
(618.938,666.875)&(599.812,667.312)
(501.125,44.375)&(507.25,43.8125)
(693.25,490.062)&(670.375,490.625)
(588.25,530.062)&(573.125,530.25)
(602.688,577.438)&(587.188,577.312)
(609.812,481.938)&(592.812,480.625)
(473.875,171.75)&(482.875,171.438)
(596.438,494.625)&(580.5,494.438)
(956.438,266.438)&(930.438,267.188)
(864.375,250.938)&(844.625,250.938)
(192.75,611.312)&(222.812,610.938)
(417.438,253.688)&(433.375,253)
(138.25,535.188)&(174.375,533.75)
(933.812,208.062)&(908,207.562)
(626.312,153.75)&(624.562,153.625)
(481.062,304.312)&(490.75,303.812)
(971.438,824.375)&(928.062,824.812)
(365.5,928.125)&(367.875,927.688)
(200.812,476.188)&(230.062,475.875)
(527.5,574.312)&(534.312,574.812)
(416.25,398.25)&(414.062,397.562)
(272.312,857.688)&(298.375,857.625)
(337.438,463.625)&(340.562,463.688)
(566.875,326.312)&(553.188,325.938)
(648.25,508)&(644.5,507.688)
(504.938,438.5)&(496.375,437.812)
(665.812,312.125)&(644.438,312.438)
(308.75,355.312)&(314.812,354.812)
(936.25,506.812)&(912.188,506.625)
(977.25,451.438)&(948.625,451.25)
(546.75,15.4375)&(534.5,15.5625)
(508.375,506.5)&(497.375,509.938)
(508.375,506.5)&(497.375,509.938)
(256.688,28.9375)&(266.875,28.375)
(508.375,506.5)&(497.375,509.938)
(256.688,28.9375)&(266.875,28.375)
(508.375,506.5)&(497.375,509.938)
#