13 12
(296.438,710.188)&(305.75,709.125)
(934.188,448.188)&(918.5,448.125)
(416.688,355.75)&(423.812,356)
(754.438,664.062)&(750.938,664.625)
(42.0625,615.562)&(52.1875,615.562)
(378.188,882.688)&(379,882.812)
(916.188,264.562)&(901.25,264.75)
(416.688,355.75)&(423.812,356)
(516.812,861.125)&(513.938,860.75)
(296.438,710.188)&(305.75,709.125)
(398.062,857.5)&(398.062,857.312)
(907.812,581.562)&(900,580.625)
(364.812,32.1875)&(372.625,32.375)
(302.5,260.312)&(305.5,260.5)
(419.312,390.875)&(425.25,391)
(761.438,503.562)&(758.062,504.375)
(893.875,207.688)&(879.375,206.062)
(481.688,722.125)&(479.562,722.5)
(632.062,436.875)&(632.938,437.125)
(153.562,712.312)&(167.25,712.125)
(372.75,307.375)&(373.188,307.375)
(422.812,576.375)&(421.938,575.875)
(814.562,249.625)&(803,249.938)
(817.125,309.938)&(812.938,310.062)
(547.5,155.562)&(543.25,155.5)
(818.188,743.625)&(806.25,743.312)
(412.5,47.9375)&(412.312,47.9375)
(559,683.438)&(561.125,683.312)
(363,660.875)&(371.5,661.188)
(534.25,398)&(537.062,397.75)
(734.75,492.5)&(731.312,493.188)
(764.5,808.312)&(755.125,808.438)
(887.5,504.062)&(874.25,504.375)
(744.562,111.688)&(742.188,112.062)
(446.312,464.75)&(451.688,464.438)
(636.812,506.188)&(636.375,506.75)
(374.938,175.438)&(375.562,175.375)
(563.625,508.312)&(558.875,508.312)
(722.812,528.438)&(720.5,528.875)
(754.438,664.062)&(750.938,664.625)
(290.562,31.8125)&(294.25,32.1875)
(508.5,861.562)&(513.938,860.75)
(508.438,107.438)&(512.625,107.438)
(137.5,859.812)&(145.062,859.938)
(541.562,325.625)&(544.75,326.375)
(556.375,112.562)&(558.688,112.625)
(511.125,28.375)&(515.375,28.125)
(844.688,487.688)&(838.625,487.562)
(546.25,64.9375)&(549.438,64.8125)
(750.688,479.25)&(746.75,479.562)
(141.75,548.75)&(156,548.75)
(82.8125,528.75)&(98.75,528.5)
(42.0625,615.562)&(52.1875,615.562)
(754.438,664.062)&(750.938,664.625)
(416.688,355.75)&(423.812,356)
(934.188,448.188)&(918.5,448.125)
(159.375,447.125)&(177.562,457.75)
#