59 57
(934.688,451.625)&(963.25,451.375)
(899.375,507.25)&(924.688,507.062)
(114,709.812)&(90.3125,710)
(916,266.75)&(943.562,266.562)
(833.375,250.688)&(854.812,250.875)
(389.5,267.188)&(389.75,267.625)
(277.312,660.625)&(267.125,659.5)
(895.375,208.375)&(921.188,207.812)
(583.375,722.438)&(582.562,722.625)
(843.312,745.688)&(863.375,745.438)
(226.625,707.312)&(211.562,708.938)
(423.188,110.688)&(427.875,111.375)
(413.438,397.875)&(414.938,397.688)
(343.312,463.438)&(339.062,463.938)
(600.562,863.375)&(599.062,862.312)
(512.75,214.875)&(524.375,214.75)
(500.75,882.875)&(491.188,882.625)
(608.562,38.6875)&(627.938,39.125)
(318.188,355.312)&(311,355.125)
(417.75,325.562)&(420.062,325.125)
(801.812,811.75)&(819.812,812)
(527.25,15.625)&(539.625,14.75)
(514.688,857.062)&(506.688,857.312)
(576.938,112.125)&(592.938,112.5)
(382.375,25.5625)&(382.125,26)
(532.312,990.312)&(525.812,990.375)
(413.812,63.375)&(417.312,63.625)
(105.125,545.562)&(79.875,545.375)
(703.812,516.375)&(712.562,516.125)
(59.5625,524.062)&(30.8125,524.5)
(949.5,289.125)&(998.875,289.25)
(926.5,485.312)&(974.312,485.25)
(510.75,43.8125)&(504.5,44.125)
(239.562,611.312)&(208.125,611.25)
(417.375,27.375)&(402.25,27.375)
(593.562,667.125)&(608.312,667.062)
(192.562,532.938)&(155.5,536.25)
(706.25,582.062)&(732.875,580.812)
(658.938,490.5)&(682.5,490.438)
(487.438,171.062)&(478.562,171.5)
(245.125,475.688)&(215.625,476.312)
(833.375,250.688)&(854.812,250.875)
(916,266.75)&(943.562,266.562)
(114,709.812)&(90.3125,710)
(492.062,437.562)&(500.25,438.062)
(905.062,825.375)&(949.812,824.625)
(623.5,153.938)&(625.375,153.5)
(271.062,28.125)&(261.312,28.8125)
(580.062,577.188)&(595.688,577.875)
(492.5,510.375)&(501.75,509.188)
(434.125,683.188)&(437.25,683.75)
(492.062,437.562)&(500.25,438.062)
(623.5,153.938)&(625.375,153.5)
(271.062,28.125)&(261.312,28.8125)
(580.062,577.188)&(595.688,577.875)
(492.5,510.375)&(501.75,509.188)
(434.125,683.188)&(437.25,683.75)
#