58 60
(102.312,709.562)&(127.625,709.875)
(435.375,683.125)&(432.312,683.312)
(314.812,354.812)&(321.188,354.625)
(340.562,463.688)&(345.812,463.312)
(580.5,494.438)&(565,494.625)
(272.375,660.812)&(282.875,659.062)
(367.875,927.688)&(371.188,927.562)
(425.562,111.062)&(422.188,110.688)
(219.188,708.312)&(234.5,707.562)
(534.5,15.5625)&(520.688,12.8125)
(418.938,324.938)&(416.812,325.062)
(318.562,389)&(325.562,389.875)
(719.062,581.812)&(692.75,582.625)
(414.062,397.562)&(412.812,397.188)
(602.188,507.125)&(585.562,506.75)
(518.75,214.938)&(507.938,215)
(670.375,490.625)&(647.812,491.25)
(573.125,530.25)&(558.75,530.125)
(389.875,267.438)&(389.562,267.5)
(599.812,667.312)&(586.438,667.125)
(592.812,480.625)&(576.188,480.75)
(618,38.875)&(598.25,38.9375)
(587.188,577.312)&(571.625,577.688)
(585.062,112.375)&(568.375,112.312)
(266.875,28.375)&(280.5,24.3125)
(553.188,325.938)&(539.875,326.25)
(644.438,312.438)&(622.688,311.125)
(415.5,63.6875)&(413,63.4375)
(314.812,354.812)&(321.188,354.625)
(92.4375,545.312)&(118.312,544.812)
(497.375,509.938)&(488.375,510.625)
(381.438,26)&(382.188,24.75)
(496.375,437.812)&(487.812,437.25)
(44.875,524.312)&(75.1875,524.375)
(185.188,156.375)&(203.5,155.875)
(948.625,451.25)&(918.938,451.438)
(912.188,506.625)&(885.562,506.625)
(534.312,574.812)&(540.375,574.875)
(433.375,253)&(447.188,252.188)
(930.438,267.188)&(900.688,266.812)
(908,207.562)&(881.5,208.438)
(490.75,303.812)&(499.875,304.125)
(853.25,745.5)&(832.188,745.5)
(599.312,862.375)&(599.875,863)
(582.688,722.625)&(585.75,722.312)
(844.625,250.938)&(822.75,251.062)
(222.812,610.938)&(256.688,611.062)
(174.375,533.75)&(210.625,533.062)
(298.375,857.625)&(324.188,857)
(616.75,876.562)&(615.75,877.125)
(496.5,883.188)&(505.438,883.125)
(624.562,153.625)&(622.062,153.375)
(644.5,507.688)&(640.812,506.938)
(378.5,996.75)&(398.312,997.625)
(510.625,857.25)&(518.5,857.125)
(507.25,43.8125)&(514.062,43.125)
(410.25,27.125)&(424.438,26.625)
(482.875,171.438)&(492,170.938)
(528.688,990.125)&(535.875,990.125)
(811.188,811.875)&(792.938,811.875)
(708.438,516.125)&(698.688,516.125)
(230.062,475.875)&(261.812,475.062)
(580.5,494.438)&(565,494.625)
(340.562,463.688)&(345.812,463.312)
(314.812,354.812)&(321.188,354.625)
(435.375,683.125)&(432.312,683.312)
(115.25,453.312)&(138.875,443.438)
(928.062,824.812)&(881.875,824.938)
(950.375,485.312)&(901.688,485.375)
(973.375,289.5)&(923.562,289.375)
(115.25,453.312)&(138.875,443.438)
(928.062,824.812)&(881.875,824.938)
(950.375,485.312)&(901.688,485.375)
(973.375,289.5)&(923.562,289.375)
#