59 61
(949.5,289.125)&(897.25,289.5)
(114,709.812)&(139.938,709.625)
(434.125,683.188)&(430.938,683.875)
(572.688,494.688)&(557.625,494.438)
(277.312,660.625)&(289.188,658.688)
(226.625,707.312)&(242.812,708.312)
(369.562,927.938)&(372.75,927.562)
(492.5,510.375)&(486.625,506.438)
(926.5,485.312)&(876.812,486.125)
(423.188,110.688)&(420.625,111.062)
(413.438,397.875)&(412.75,396.938)
(343.312,463.438)&(347.562,463.062)
(584.562,480.562)&(568.312,481.938)
(512.75,214.875)&(502.812,214.5)
(608.562,38.6875)&(588.625,38.9375)
(318.188,355.312)&(323.5,354)
(417.75,325.562)&(415.938,325.375)
(962.938,902.688)&(911.062,903.625)
(565.562,530.625)&(551.438,530.25)
(593.562,667.125)&(573.625,666.562)
(527.25,15.625)&(515.25,11.6875)
(546.5,325.875)&(533.438,326.125)
(576.938,112.125)&(559.688,111.75)
(706.25,582.062)&(678.25,582.438)
(382.375,25.5625)&(382.188,25.5)
(593.812,506.688)&(577.25,505.938)
(905.062,825.375)&(858.625,825.312)
(658.938,490.5)&(636.25,491.062)
(413.812,63.375)&(411.938,63.375)
(492.062,437.562)&(483.312,437.688)
(633.812,312.375)&(611.625,311.562)
(105.125,545.562)&(131.562,545.375)
(126.25,444.25)&(152,443.562)
(59.5625,524.062)&(91,524)
(934.688,451.625)&(903.25,451.375)
(899.375,507.25)&(871.812,506.875)
(916,266.75)&(886,267.125)
(833.375,250.688)&(810.812,250.812)
(440.125,252.938)&(453.938,252.5)
(895.375,208.375)&(866.938,207.875)
(583.375,722.438)&(586.938,722.188)
(843.312,745.688)&(821.25,745.75)
(536.938,574.25)&(543.188,574.875)
(495,303.75)&(504.312,303.438)
(1003.69,518.812)&(965.812,518)
(440.125,252.938)&(453.938,252.5)
(311.125,856.938)&(337.312,857.562)
(600.562,863.375)&(599.875,862.25)
(510.75,43.8125)&(517.188,42.8125)
(387.688,997.938)&(408.188,997.75)
(643.062,507.25)&(639.25,507.125)
(500.75,882.875)&(510.688,883.438)
(239.562,611.312)&(272.688,611.188)
(417.375,27.375)&(432.688,25.875)
(801.812,811.75)&(782.812,812.062)
(623.5,153.938)&(620.438,153)
(192.562,532.938)&(229.062,533.312)
(487.438,171.062)&(497.125,170.312)
(532.312,990.312)&(539.312,989.812)
(245.125,475.688)&(276.75,475.188)
(703.812,516.375)&(694.062,515.875)
#