62 60
(869.125,289.312)&(923.562,289.375)
(429.312,683.875)&(432.312,683.312)
(329.062,354.312)&(321.188,354.625)
(154.562,709.5)&(127.625,709.875)
(251.125,707.938)&(234.5,707.562)
(351,462.812)&(345.812,463.312)
(411.812,396.812)&(412.812,397.188)
(851.812,486)&(901.688,485.375)
(560.125,481.438)&(576.188,480.75)
(375.125,927.688)&(371.188,927.562)
(294.812,659.375)&(282.875,659.062)
(579.188,38.625)&(598.25,38.9375)
(623.375,490.75)&(647.812,491.25)
(482,507.438)&(488.375,510.625)
(566.062,666.688)&(586.438,667.125)
(389.812,267.312)&(389.562,267.5)
(418.688,111.062)&(422.188,110.688)
(883.125,903.062)&(936.625,903.062)
(567.812,506.5)&(585.562,506.75)
(664.438,583.125)&(692.75,582.625)
(526.375,326.25)&(539.875,326.25)
(411,63.625)&(413,63.4375)
(834.688,825.125)&(881.875,824.938)
(550.875,111.938)&(568.375,112.312)
(291.375,24.125)&(280.5,24.3125)
(509.312,11.5625)&(520.688,12.8125)
(600.688,311.812)&(622.688,311.125)
(382.125,25.375)&(382.188,24.75)
(329.062,354.312)&(321.188,354.625)
(549.875,494.438)&(565,494.625)
(480,437.5)&(487.812,437.25)
(146.188,545.312)&(118.312,544.812)
(107.812,524)&(75.1875,524.375)
(165.25,443.625)&(138.875,443.438)
(542.062,990)&(535.875,990.125)
(502.625,170.25)&(492,170.938)
(418.938,997.562)&(398.312,997.625)
(515.875,882.688)&(505.438,883.125)
(441.25,26.75)&(424.438,26.625)
(774.25,811.875)&(792.938,811.875)
(600.688,861.875)&(599.875,863)
(809.5,745.812)&(832.188,745.5)
(887.312,451.125)&(918.938,451.438)
(461.75,251.938)&(447.188,252.188)
(520.5,42.6875)&(514.062,43.125)
(619,152.375)&(622.062,153.375)
(688.875,515.062)&(698.688,516.125)
(799.5,251)&(822.75,251.062)
(870.25,267.25)&(900.688,266.812)
(851.875,207.688)&(881.5,208.438)
(508.875,303.5)&(499.875,304.125)
(857.375,506.75)&(885.562,506.625)
#