61 63
(515.25,11.6875)&(502.625,13.8125)
(139.938,709.625)&(169.375,709.312)
(415.938,325.375)&(414.875,325.062)
(430.938,683.875)&(429.25,683.188)
(242.812,708.312)&(260.25,708.5)
(897.25,289.5)&(842.5,289.375)
(289.188,658.688)&(301.812,659.125)
(347.562,463.062)&(353.688,462.625)
(557.625,494.438)&(542.188,494.75)
(420.625,111.062)&(418.812,110.812)
(876.812,486.125)&(825.312,485.875)
(372.75,927.562)&(377.875,927.688)
(515.25,11.6875)&(502.625,13.8125)
(385.812,104.312)&(386.938,104.5)
(483.312,437.688)&(475.812,437.312)
(486.625,506.438)&(478.562,507.5)
(987.938,106.125)&(920.812,106.625)
(412.75,396.938)&(411.938,396.812)
(636.25,491.062)&(611.812,490.438)
(588.625,38.9375)&(569.188,38.8125)
(573.625,666.562)&(557.25,667.125)
(323.5,354)&(333.875,354.312)
(559.688,111.75)&(543.75,111.938)
(382.188,25.5)&(383.25,25.25)
(577.25,505.938)&(559.062,506.812)
(411.938,63.375)&(409.812,63.375)
(533.438,326.125)&(519.688,325.938)
(611.625,311.562)&(590.125,311.75)
(858.625,825.312)&(809.75,825.312)
(678.25,582.438)&(649.062,581.312)
(911.062,903.625)&(855.5,903.562)
(131.562,545.375)&(161.375,545.062)
(91,524)&(124.938,523.812)
(91.375,153.438)&(125.75,152.062)
(139.938,709.625)&(169.375,709.312)
(539.312,989.812)&(544.938,990.188)
(408.188,997.75)&(429.75,997.375)
(620.438,153)&(617.5,152.188)
(599.875,862.25)&(601.125,861.562)
(453.938,252.5)&(468.625,253.75)
(517.188,42.8125)&(524.562,43.125)
(999.25,437.5)&(954.375,438)
(497.125,170.312)&(507.25,170.562)
(694.062,515.875)&(683.812,515.562)
(984.312,798)&(941.625,797.5)
(510.688,883.438)&(520.5,882.812)
(782.812,812.062)&(764.25,812.062)
(432.688,25.875)&(448.688,26.125)
(543.188,574.875)&(548.5,576.188)
(866.938,207.875)&(837.062,207.625)
(821.25,745.75)&(797.312,745.5)
(586.938,722.188)&(589.125,722.75)
(639.25,507.125)&(635.688,507.312)
(810.812,250.812)&(787.938,250.75)
(903.25,451.375)&(870.375,451.25)
(886,267.125)&(854.375,267.188)
(871.812,506.875)&(842.062,506.688)
#