13 14
(58.4375,639.188)&(46.25,640.25)
(58.9375,667.875)&(46.5625,667.562)
(472.188,574.5)&(473.25,574.312)
(296.438,710.188)&(287.375,711.875)
(416.688,355.75)&(410.438,356.188)
(754.438,664.062)&(755.375,664.125)
(42.0625,615.562)&(32.5625,615.5)
(378.188,882.688)&(378.062,882.688)
(416.688,355.75)&(410.438,356.188)
(516.812,861.125)&(520.125,860.875)
(296.438,710.188)&(287.375,711.875)
(398.062,857.5)&(398.312,857.5)
(907.812,581.562)&(914.188,580.062)
(419.312,390.875)&(413.438,391.25)
(761.438,503.562)&(765.062,502.938)
(893.875,207.688)&(906.875,207.562)
(481.688,722.125)&(484.062,722.688)
(632.062,436.875)&(631.188,437.188)
(153.562,712.312)&(139.375,712.75)
(372.75,307.375)&(372.25,307.25)
(422.812,576.375)&(423.312,576)
(817.125,309.938)&(822,310.438)
(412.5,47.9375)&(412.438,47.75)
(559,683.438)&(556,683.5)
(363,660.875)&(354.812,661.062)
(764.5,808.312)&(774.188,808.375)
(887.5,504.062)&(900.375,504.188)
(446.312,464.75)&(440.5,464.312)
(510.562,269.312)&(506.562,268.875)
(636.812,506.188)&(635.938,506.625)
(374.938,175.438)&(374.375,175.312)
(563.625,508.312)&(568.062,508.438)
(722.812,528.438)&(724.5,528.188)
(754.438,664.062)&(755.375,664.125)
(290.562,31.8125)&(287.188,32.125)
(508.5,861.562)&(511.625,862)
(508.438,107.438)&(503.75,107)
(137.5,859.812)&(130.562,859.875)
(541.562,325.625)&(538.562,325.812)
(556.375,112.562)&(553.5,112.375)
(511.125,28.375)&(507.25,28.4375)
(844.688,487.688)&(849.312,488.125)
(546.25,64.9375)&(542.5,64.75)
(750.688,479.25)&(752.5,479.312)
(141.75,548.75)&(127.562,548.688)
(159.375,447.125)&(146.125,447.062)
(416.688,355.75)&(410.438,356.188)
(296.438,710.188)&(287.375,711.875)
(472.188,574.5)&(473.25,574.312)
(58.9375,667.875)&(46.5625,667.562)
(814.562,249.625)&(826.312,249.312)
(302.5,260.312)&(300.625,260.125)
(364.812,32.1875)&(363.812,27.6875)
(916.188,264.562)&(931.062,265.438)
(934.188,448.188)&(949.562,447.938)
#