15 14
(34.75,639.062)&(46.25,640.25)
(522.875,862)&(520.125,860.875)
(278.125,712.125)&(287.375,711.875)
(919.312,578.812)&(914.188,580)
(23.8125,615.688)&(32.5625,615.5)
(278.125,712.125)&(287.375,711.875)
(356.062,27.6875)&(363.812,27.6875)
(919.312,578.812)&(914.188,580)
(378.062,882.5)&(378.062,882.688)
(404.062,356.562)&(410.438,356.188)
(944.875,265.188)&(931.062,265.438)
(424.375,575.938)&(423.312,576)
(963.25,448.312)&(949.562,447.938)
(726.188,528)&(724.5,528.188)
(514.688,863.062)&(511.625,862)
(126.188,712.5)&(139.375,712.75)
(486.625,722.875)&(484.062,722.688)
(407.062,391.812)&(413.438,391.25)
(347.062,661.188)&(354.812,661.062)
(398.25,857.562)&(398.312,857.5)
(920,207.875)&(906.875,207.562)
(657.688,515.562)&(651.688,516.25)
(766.188,504.875)&(765.062,502.938)
(913,504.5)&(900.375,504.188)
(553.375,683.812)&(556,683.5)
(371.875,307.188)&(372.25,307.25)
(502.938,269.188)&(506.562,268.875)
(435,464.375)&(440.5,464.312)
(837.812,249.5)&(826.312,249.312)
(412.625,47.6875)&(412.438,47.75)
(284.938,31.75)&(287.188,32.125)
(634.75,506.312)&(635.938,506.625)
(757.938,664.5)&(755.375,664.125)
(551,112.25)&(553.5,112.375)
(535.188,326.312)&(538.562,325.812)
(572.188,508.5)&(568.062,508.438)
(499.812,106.875)&(503.75,107)
(539.438,65)&(542.5,64.75)
(123.812,859.812)&(130.562,859.875)
(373.688,175.188)&(374.375,175.312)
(666.5,214.438)&(665.625,214.312)
(299.062,260.438)&(300.625,260.125)
(391.312,91.8125)&(397.75,92.3125)
(630.938,437)&(631.188,437.188)
(854.75,488.125)&(849.312,488.125)
(706.438,325.5)&(705.125,325.5)
(754,479.25)&(752.5,479.312)
(502.812,28.25)&(507.25,28.4375)
(114.375,548.938)&(127.562,548.688)
(133.375,447.312)&(146.125,447.062)
#