15 16
(34.75,639.062)&(22.9375,639)
(522.875,862)&(518.25,862.562)
(278.125,712.125)&(269.188,712.625)
(919.312,578.812)&(925.062,578.438)
(23.8125,615.688)&(16,615.875)
(278.125,712.125)&(269.188,712.625)
(356.062,27.6875)&(349.438,27.4375)
(919.312,578.812)&(925.062,578.438)
(378.062,882.5)&(377.938,882.75)
(404.062,356.562)&(397.75,356.688)
(944.875,265.188)&(958.062,264.875)
(424.375,575.938)&(425.375,576.125)
(963.25,448.312)&(976.938,448.5)
(514.688,863.062)&(518.25,862.562)
(126.188,712.5)&(113.438,712.688)
(486.625,722.875)&(489.75,723.375)
(407.062,391.812)&(400.25,391.062)
(347.062,661.188)&(339.5,661.188)
(398.25,857.562)&(398.188,857.812)
(920,207.875)&(932.375,207.25)
(657.688,515.562)&(664.062,516)
(766.188,504.875)&(768.125,504.562)
(913,504.5)&(925.25,504.625)
(553.375,683.812)&(550.875,683.688)
(371.875,307.188)&(371.625,307.125)
(502.938,269.188)&(498.125,269.438)
(435,464.375)&(429.688,464.25)
(837.812,249.5)&(848,250.438)
(412.625,47.6875)&(412.938,47.3125)
(284.938,31.75)&(282.375,31.75)
(634.75,506.312)&(633.938,506.688)
(757.938,664.5)&(764.938,663.562)
(551,112.25)&(548.25,112)
(535.188,326.312)&(532.188,326.688)
(572.188,508.5)&(576.125,508.375)
(499.812,106.875)&(496,106.875)
(539.438,65)&(536.125,64.9375)
(123.812,859.812)&(117.125,860.188)
(373.688,175.188)&(373,175.312)
(666.5,214.438)&(666.188,214.812)
(299.062,260.438)&(298.188,259.312)
(391.312,91.8125)&(384.688,91.5)
(749.125,111.375)&(750.688,112.25)
(630.938,437)&(630.312,437)
(854.75,488.125)&(859.5,488.25)
(706.438,325.5)&(707.875,325.375)
(754,479.25)&(756,479.375)
(502.812,28.25)&(498.938,28.25)
(114.375,548.938)&(101.688,548.938)
(23.8125,615.688)&(16,615.875)
(919.312,578.812)&(925.062,578.438)
(278.125,712.125)&(269.188,712.625)
(522.875,862)&(518.25,862.562)
(133.375,447.312)&(124.812,457.625)
#