17 16
(426.625,576.125)&(425.375,576.125)
(13.125,639.875)&(22.9375,639)
(944.25,206.688)&(932.375,207.25)
(929.938,577.812)&(925.062,578.438)
(633.375,506.875)&(633.938,506.688)
(391.188,355.75)&(397.75,356.688)
(770.25,505.062)&(768.125,504.562)
(990.188,447.812)&(976.938,448.5)
(342.25,27.375)&(349.438,27.4375)
(259.938,712.688)&(269.188,712.625)
(944.25,206.688)&(932.375,207.25)
(929.938,577.812)&(925.062,578.438)
(391.188,355.75)&(397.75,356.688)
(937.375,504.812)&(925.25,504.625)
(970.25,264.688)&(958.062,264.875)
(494.625,269.375)&(498.125,269.438)
(770.25,505.062)&(768.125,504.562)
(331.938,661)&(339.5,661.188)
(101.562,713)&(113.438,712.688)
(296.25,259.375)&(298.188,259.312)
(398.188,858)&(398.188,857.812)
(831.625,310.25)&(828,310.062)
(491.938,723.375)&(489.75,723.375)
(528.312,326)&(532.188,326.688)
(112.812,457.75)&(124.812,457.625)
(394.188,390.812)&(400.25,391.062)
(520.562,862.375)&(518.25,862.562)
(371.625,307.438)&(371.625,307.125)
(858.625,249.75)&(848,250.438)
(544.75,112.188)&(548.25,112)
(633.375,506.875)&(633.938,506.688)
(426.625,576.125)&(425.375,576.125)
(547.938,683.25)&(550.875,683.688)
(111.875,860.375)&(117.125,860.188)
(670.062,515.562)&(664.062,516)
(708.938,325.188)&(707.875,325.375)
(423.812,464.062)&(429.688,464.25)
(741.438,493.125)&(739.375,493.188)
(629.25,437)&(630.312,437)
(751.875,112.062)&(750.688,112.25)
(580.688,508.562)&(576.125,508.375)
(377.75,883.375)&(377.938,882.75)
(803.938,809.5)&(795.188,809.375)
(758.312,479.375)&(756,479.375)
(862.875,488.688)&(859.5,488.25)
(533.438,65)&(536.125,64.9375)
(494.812,27.9375)&(498.938,28.25)
(89.3125,548.938)&(101.688,548.938)
(633.375,506.875)&(633.938,506.688)
(929.938,577.812)&(925.062,578.438)
(944.25,206.688)&(932.375,207.25)
(13.125,639.875)&(22.9375,639)
(413.688,47.3125)&(412.938,47.3125)
(372.562,175.438)&(373,175.312)
(280.25,31.625)&(282.375,31.75)
#