18 17
(385.438,355.875)&(391.188,355.75)
(936,579.25)&(929.938,577.812)
(771.25,505.938)&(770.25,505.062)
(250.625,712)&(259.938,712.688)
(936,579.25)&(929.938,577.812)
(1002.75,448.312)&(990.188,447.812)
(385.438,355.875)&(391.188,355.75)
(399.125,858.062)&(398.188,858)
(490.5,269.062)&(494.625,269.375)
(956.062,206.625)&(944.25,206.688)
(325.5,32.625)&(333.188,32.4375)
(771.25,505.938)&(770.25,505.062)
(294.062,259.938)&(296.25,259.375)
(948.938,504.688)&(937.375,504.812)
(981.938,264.812)&(970.25,264.688)
(89.6875,712.688)&(101.562,713)
(427.875,576.062)&(426.625,576.125)
(835.438,310.25)&(831.625,310.25)
(388.375,390.938)&(394.188,390.812)
(524.812,326.5)&(528.312,326)
(544.875,683)&(547.938,683.25)
(324.188,661.375)&(331.938,661)
(708.75,325)&(708.938,325.188)
(868.438,249.875)&(858.625,249.75)
(517.062,397.562)&(520.375,397.812)
(494.5,723.312)&(491.938,723.375)
(107.438,860.562)&(111.875,860.375)
(675.438,515.812)&(670.062,515.562)
(541.75,112.25)&(544.75,112.188)
(523.625,862.812)&(520.562,862.375)
(631.312,506.562)&(633.375,506.875)
(377.438,883)&(377.75,883.375)
(101.75,457.875)&(112.812,457.75)
(418.438,464.312)&(423.812,464.062)
(813,809.438)&(803.938,809.5)
(753.625,112.25)&(751.875,112.062)
(760,479.25)&(758.312,479.375)
(490.562,27.5)&(494.812,27.9375)
(585.062,509.062)&(580.688,508.562)
(530.375,65.125)&(533.438,65)
(627.875,437.125)&(629.25,437)
(866.438,488.75)&(862.875,488.688)
(76.9375,549.188)&(89.3125,548.938)
(10.375,528.875)&(23.6875,528.688)
(936,579.25)&(929.938,577.812)
(250.625,712)&(259.938,712.688)
(771.25,505.938)&(770.25,505.062)
(936,579.25)&(929.938,577.812)
(414.562,47.5625)&(413.688,47.3125)
(372.75,175.375)&(372.562,175.438)
(278.75,31.875)&(280.25,31.625)
(371.812,307.688)&(371.625,307.438)
(312.625,415.875)&(308.312,421.188)
#