18 19
(385.438,355.875)&(379,355.688)
(936,579.25)&(940.5,580.062)
(532.875,861.188)&(526.062,862.875)
(771.25,505.938)&(771.75,506.188)
(250.625,712)&(242.062,711.188)
(936,579.25)&(940.5,580.062)
(385.438,355.875)&(379,355.688)
(490.5,269.062)&(486.25,269)
(371.812,307.688)&(371.688,307.75)
(956.062,206.625)&(966.562,205.938)
(771.25,505.938)&(771.75,506.188)
(294.062,259.938)&(293.062,259.688)
(948.938,504.688)&(959.688,504.375)
(981.938,264.812)&(993.375,264.75)
(89.6875,712.688)&(78.625,712.562)
(278.75,31.875)&(276.938,31.875)
(768.438,664.062)&(768.562,664.188)
(835.438,310.25)&(837.875,310.75)
(388.375,390.938)&(382.25,390.875)
(524.812,326.5)&(521.812,326.875)
(544.875,683)&(542,683.25)
(324.188,661.375)&(317.25,661.438)
(708.75,325)&(708.688,325.875)
(868.438,249.875)&(877.188,250.125)
(517.062,397.562)&(514.188,397.875)
(665.188,215.125)&(664.688,215.312)
(487.688,106.562)&(483.938,106.938)
(675.438,515.812)&(680.875,515.5)
(541.75,112.25)&(538.938,112.375)
(447.125,926.688)&(442.375,927.188)
(101.75,457.875)&(91.125,457.625)
(418.438,464.312)&(413.125,464.562)
(567.375,155.5)&(571.188,155)
(753.625,112.25)&(755.438,112.438)
(760,479.25)&(761.312,479.438)
(372.75,175.375)&(372.875,175.562)
(490.562,27.5)&(485.688,27.25)
(585.062,509.062)&(589.25,509.25)
(414.562,47.5625)&(415.75,47.625)
(530.375,65.125)&(526.938,64.8125)
(627.875,437.125)&(626.438,437.375)
(866.438,488.75)&(869.625,488.625)
(76.9375,549.188)&(65.3125,549.25)
(27.8125,481.188)&(21.4375,480.875)
(399.125,858.062)&(400.25,857.688)
(325.5,32.625)&(327.75,26.875)
(427.875,576.062)&(429.312,576.125)
(494.5,723.312)&(497.312,723.125)
(107.438,860.562)&(102.875,860.438)
(377.438,883)&(378,882.875)
(813,809.438)&(821,809.438)
(250.625,712)&(242.062,711.188)
(771.25,505.938)&(771.75,506.188)
(532.875,861.188)&(535.688,861.625)
(936,579.25)&(940.5,580.062)
(631.312,506.562)&(627.75,510.062)
(523.625,862.812)&(526.062,862.875)
(631.312,506.562)&(627.75,510.062)
(523.625,862.812)&(526.062,862.875)
#