20 19
(626.625,509.688)&(627.75,510.062)
(233.125,710.25)&(242.062,711.188)
(626.625,509.688)&(627.75,510.062)
(374.25,357.125)&(379,355.688)
(945.75,582.312)&(940.5,580.062)
(538.875,861.438)&(535.688,861.625)
(970.25,504.938)&(959.688,504.375)
(430.812,576.062)&(429.312,576.125)
(372.188,307.562)&(371.688,307.75)
(977,206.625)&(966.562,205.938)
(1004.12,265)&(993.375,264.75)
(377.312,391.375)&(382.25,390.875)
(535.375,112.438)&(538.938,112.375)
(67.8125,712.5)&(78.625,712.562)
(840.625,310.312)&(837.875,310.75)
(400.938,857.438)&(400.25,857.688)
(772.938,505.875)&(771.75,506.188)
(518.188,326.438)&(521.812,326.875)
(686.812,515.75)&(680.875,515.5)
(379.062,882.875)&(378,882.875)
(98.5,860.25)&(102.875,860.438)
(871.875,488.188)&(869.625,488.625)
(886,250)&(877.188,250.125)
(291.75,259.688)&(293.062,259.688)
(310.938,661.438)&(317.25,661.438)
(483.125,269.562)&(486.25,269)
(574.875,154.812)&(571.188,155)
(539.25,683.125)&(542,683.25)
(500.062,723.125)&(497.312,723.125)
(511,397.875)&(514.188,397.875)
(890.688,743.188)&(881.312,743.25)
(756.375,111.688)&(755.438,112.438)
(80.75,457.75)&(91.125,457.625)
(709.188,326.25)&(708.688,325.875)
(481.312,27.625)&(485.688,27.25)
(480,106.625)&(483.938,106.938)
(593.188,509.188)&(589.25,509.25)
(523.312,64.875)&(526.938,64.8125)
(416.375,47.625)&(415.75,47.625)
(625.688,436.875)&(626.438,437.375)
(407.938,464.625)&(413.125,464.562)
(53.8125,549.25)&(65.3125,549.25)
(663.938,215.438)&(664.688,215.312)
(743.812,493.5)&(742.938,493.812)
(828.562,809.375)&(821,809.438)
(438.312,927.062)&(442.375,927.188)
(761.562,479.062)&(761.312,479.438)
(435.188,989.562)&(433.875,989.375)
(184.5,160)&(193.062,159.938)
(945.75,582.312)&(940.5,580.062)
(374.25,357.125)&(379,355.688)
(626.625,509.688)&(627.75,510.062)
(233.125,710.25)&(242.062,711.188)
(373.312,175.5)&(372.875,175.562)
#