3 2
(550.562,108.375)&(554,108.438)
(702.688,574.438)&(697.938,575.25)
(755.688,309.188)&(747.562,309.938)
(583.5,682.562)&(585.188,682.875)
(406.125,857.812)&(407.812,857.75)
(231.938,491.312)&(254.938,490.375)
(457.25,29.75)&(466.812,29.8125)
(716.75,503.375)&(712.188,504.312)
(654.938,214.5)&(653,214.812)
(690.438,528.562)&(687.312,528.625)
(392.688,883.062)&(395.875,882.875)
(565.875,397.625)&(569.5,398.75)
(508,464.75)&(514.75,464.438)
(1012.44,478.875)&(988.938,479.688)
(489.062,357.5)&(497.562,357.938)
(679.75,325.625)&(676.875,325.938)
(773.688,488.062)&(764.438,488.375)
(428.25,989)&(429.938,988.812)
(452.188,660.938)&(462.062,660.25)
(817,579.875)&(803.75,578.625)
(570.562,326.125)&(573.688,326.438)
(709.375,478.938)&(704.562,479.375)
(303.562,548.5)&(321.625,548.812)
(552.438,269.438)&(556.125,270)
(705.75,112.438)&(701.438,113.312)
(481.438,93.25)&(489.75,92.9375)
(699.25,493.125)&(694.5,492.875)
(304.438,504.5)&(322.438,504.188)
(712.938,663.75)&(707.375,664)
(631.812,437.688)&(629.875,438.125)
(311.875,448.312)&(330.812,447.438)
(489.875,390.75)&(497.562,390.688)
(575.625,66.125)&(577.875,66.1875)
(231.938,491.312)&(254.938,490.375)
(552.625,28.5)&(557.5,28.6875)
(263.625,529.25)&(284,528.875)
(127.375,539.875)&(145.688,540.125)
(232.062,859.875)&(243.75,859.688)
(481.562,861.438)&(480.312,861.75)
(633.688,507)&(632.75,506.5)
(293.312,186.75)&(310.875,186.938)
(75.875,708.188)&(96.9375,707.688)
(182.812,244.938)&(207.438,244.688)
(200.125,8.5625)&(224,9.4375)
(196.625,55.6875)&(220.75,55.375)
(265.25,135.375)&(285.688,135.625)
(76.75,854.688)&(98.625,854)
(252.688,161.125)&(273.375,160.875)
(85.75,139.688)&(116.375,139.062)
(116.188,316.125)&(145.125,315.688)
(737.875,207.375)&(719.562,207.125)
(763.812,449.438)&(744.688,449.812)
(387.438,308.062)&(389.688,307.375)
(336.625,32.9375)&(341.25,33.5)
(342.812,260)&(347.938,260.125)
(421.625,576.188)&(421.812,575.875)
(852.812,791.938)&(829.625,792.562)
(516.875,508.312)&(512.625,508.875)
(737.938,207.438)&(719.562,207.125)
(460.812,722.5)&(459.688,722.562)
(506.875,156.562)&(502.562,157.062)
(688.75,742.75)&(673.75,743.312)
(571.625,515.938)&(564.125,516.812)
(259,935.188)&(279.188,934.75)
(418.188,48.6875)&(419.25,49.1875)
(686.312,250.625)&(672.188,251.25)
(391.875,176.312)&(394.062,176.562)
(523.375,925.938)&(528.625,925.625)
(187.75,481.625)&(202.688,481.5)
(406.125,857.812)&(407.812,857.75)
(583.5,682.562)&(585.188,682.875)
(755.688,309.188)&(747.562,309.938)
(702.688,574.438)&(697.938,575.25)
(311.375,712.312)&(330.125,712.125)
(165.625,616.25)&(180.938,615.688)
(407.188,708.625)&(419.75,709.438)
(311.375,712.312)&(330.125,712.125)
(165.625,616.25)&(180.938,615.688)
(407.188,708.625)&(419.75,709.438)
#