21 20
(402.75,464.875)&(407.938,464.625)
(225.062,709.438)&(233.125,710.25)
(980.5,505.688)&(970.25,504.938)
(291.75,259.375)&(291.75,259.688)
(627.625,506.25)&(626.625,509.688)
(478.875,268.875)&(483.125,269.562)
(225.062,709.438)&(233.125,710.25)
(432.688,576)&(430.812,576.062)
(986.75,206.688)&(977,206.625)
(373.125,307.625)&(372.188,307.562)
(352.125,92.1875)&(357.812,91.75)
(291.75,259.375)&(291.75,259.688)
(305.75,32.625)&(312.25,32.4375)
(71.0625,457.938)&(80.75,457.75)
(773.875,505.875)&(772.938,505.875)
(949.812,583)&(945.75,582.312)
(841.375,310.188)&(840.625,310.312)
(369.25,357.75)&(374.25,357.125)
(894.875,249.938)&(886,250)
(274.062,31.25)&(275.25,31.6875)
(304.25,661.75)&(310.938,661.438)
(57.5625,712.75)&(67.8125,712.5)
(532.438,112.312)&(535.375,112.438)
(692.25,515.875)&(686.812,515.75)
(578.562,154.875)&(574.875,154.812)
(401.75,857.688)&(400.938,857.438)
(898.875,742.625)&(890.688,743.188)
(94.875,860.438)&(98.5,860.25)
(507.438,397.625)&(511,397.875)
(379.812,882.875)&(379.062,882.875)
(477.5,27.9375)&(481.312,27.625)
(371.938,391.75)&(377.312,391.375)
(708.625,326.188)&(709.188,326.25)
(662.688,215.375)&(663.938,215.438)
(873.875,488)&(871.875,488.188)
(624.062,437.562)&(625.688,436.875)
(535.938,683.438)&(539.25,683.125)
(519.875,64.875)&(523.312,64.875)
(750.312,576.188)&(750,575.75)
(515.25,326.688)&(518.188,326.438)
(756.438,111.5)&(756.375,111.688)
(43.0625,549)&(53.8125,549.25)
(417.438,47.625)&(416.375,47.625)
(502.625,723.125)&(500.062,723.125)
(436.188,989.688)&(435.188,989.562)
(402.75,464.875)&(407.938,464.625)
(176.188,159.688)&(184.5,160)
(761.75,478.688)&(761.562,479.062)
(373.438,175.625)&(373.312,175.5)
(433.875,927.312)&(438.312,927.062)
(627.625,506.25)&(626.625,509.688)
(291.75,259.375)&(291.75,259.688)
(980.5,505.688)&(970.25,504.938)
(225.062,709.438)&(233.125,710.25)
(532.062,862.75)&(538.875,861.438)
#