22 21
(505.375,723.062)&(502.625,723.125)
(308.375,27.0625)&(314.438,26.9375)
(953.812,585.938)&(949.812,583)
(772.812,665)&(764.688,665.125)
(219,710.562)&(225.062,709.438)
(996,206.812)&(986.75,206.688)
(434.5,576.125)&(432.688,576)
(346.562,91.75)&(352.125,92.1875)
(474.188,268.688)&(478.875,268.875)
(374.375,307.688)&(373.125,307.625)
(366.062,391.188)&(371.938,391.75)
(290.875,260.5)&(291.75,259.375)
(766.125,665)&(764.688,665.125)
(297.5,661.812)&(304.25,661.75)
(299.188,32.8125)&(305.75,32.625)
(48.0625,712.688)&(57.5625,712.75)
(775,505.438)&(773.875,505.875)
(273.188,31.3125)&(274.062,31.25)
(843,310.562)&(841.375,310.188)
(626.312,507.562)&(627.625,506.25)
(363.312,357.188)&(369.25,357.75)
(697.375,515.375)&(692.25,515.875)
(902.625,250.062)&(894.875,249.938)
(907.438,743.188)&(898.875,742.625)
(581.75,154.75)&(578.562,154.875)
(731,528.688)&(731.25,528.5)
(750.562,575.562)&(750.312,576.188)
(503.75,397.875)&(507.438,397.625)
(473.375,27.875)&(477.5,27.9375)
(402.875,857.562)&(401.75,857.688)
(512.938,326.688)&(515.25,326.688)
(91.75,860.875)&(94.875,860.438)
(529.375,112.188)&(532.438,112.312)
(533.5,683.938)&(535.938,683.438)
(418.312,47.5)&(417.438,47.625)
(876.062,488.125)&(873.875,488)
(380.5,882.812)&(379.812,882.875)
(756.312,112.062)&(756.438,111.5)
(707.625,325.562)&(708.625,326.188)
(661.438,214.938)&(662.688,215.375)
(437.625,989.75)&(436.188,989.688)
(516.562,64.9375)&(519.875,64.875)
(621.875,437.938)&(624.062,437.562)
(167.562,159.75)&(176.188,159.688)
(32.875,549)&(43.0625,549)
(398,464.875)&(402.75,464.875)
(374.125,175.688)&(373.438,175.625)
(505.375,723.062)&(502.625,723.125)
(761.812,479.125)&(761.75,478.688)
(429.688,927)&(433.875,927.312)
(219,710.562)&(225.062,709.438)
(772.812,665)&(764.688,665.125)
(953.812,585.938)&(949.812,583)
(308.375,27.0625)&(314.438,26.9375)
(56.875,447.625)&(71.0625,457.938)
#