22 23
(505.375,723.062)&(507.875,723.062)
(308.375,27.0625)&(302.812,27.5)
(953.812,585.938)&(954.688,582.438)
(772.812,665)&(771.25,664.562)
(219,710.562)&(211.875,710.375)
(996,206.812)&(1004.06,205.688)
(434.5,576.125)&(436.625,576.375)
(346.562,91.75)&(341.375,91.75)
(474.188,268.688)&(470.562,268.312)
(374.375,307.688)&(375.312,307.375)
(366.062,391.188)&(361.25,391.188)
(290.875,260.5)&(291.125,260.125)
(766.125,665)&(771.25,664.562)
(297.5,661.812)&(291.625,661.25)
(299.188,32.8125)&(292.875,32.5625)
(48.0625,712.688)&(38.5625,712.688)
(775,505.438)&(774.688,506.062)
(273.188,31.3125)&(272.625,31.3125)
(843,310.562)&(844.062,310.688)
(626.312,507.562)&(624.438,507.562)
(363.312,357.188)&(357.312,356.562)
(697.375,515.375)&(702.875,515.562)
(902.625,250.062)&(909.688,250.312)
(907.438,743.188)&(915.062,742.875)
(581.75,154.75)&(584.875,154.875)
(750.562,575.562)&(750.562,574.812)
(503.75,397.875)&(500.688,398.312)
(473.375,27.875)&(469.5,28.0625)
(402.875,857.562)&(404.312,857.625)
(512.938,326.688)&(510.062,327)
(843.188,809.438)&(850.938,809.75)
(91.75,860.875)&(89.0625,860.75)
(529.375,112.188)&(526.375,111.875)
(418.312,47.5)&(419.5,47.4375)
(876.062,488.125)&(877.5,488.312)
(380.5,882.812)&(381.938,883.062)
(756.312,112.062)&(756.062,112.875)
(707.625,325.562)&(707.438,325.688)
(661.438,214.938)&(660.562,215.375)
(437.625,989.75)&(439.5,989.5)
(516.562,64.9375)&(513.562,64.875)
(621.875,437.938)&(619.875,438.062)
(167.562,159.75)&(160.25,159.562)
(32.875,549)&(23.6875,549.375)
(398,464.875)&(393.5,464.688)
(374.125,175.688)&(374.938,175.562)
(505.375,723.062)&(507.875,723.062)
(761.812,479.125)&(761.75,479.25)
(429.688,927)&(425.312,927.25)
(56.875,447.625)&(48.25,447.5)
#