23 24
(774.688,506.062)&(774.438,506.5)
(291.125,260.125)&(291.625,259.875)
(211.875,710.375)&(204.125,709.875)
(548.438,861.062)&(551.438,861.5)
(211.875,710.375)&(204.125,709.875)
(436.625,576.375)&(438.5,576.438)
(999.25,505.688)&(1007.88,506.062)
(470.562,268.312)&(467.625,268.375)
(302.812,27.5)&(296.875,27.1875)
(357.312,356.562)&(353.188,356.75)
(624.438,507.562)&(622.75,506.25)
(1004.06,205.688)&(1012.44,205.938)
(291.125,260.125)&(291.625,259.875)
(619.875,438.062)&(618.188,437.438)
(291.625,661.25)&(286.125,660.75)
(375.312,307.375)&(376.312,307.438)
(292.875,32.5625)&(287,32.4375)
(361.25,391.188)&(356.125,390.938)
(774.688,506.062)&(774.438,506.5)
(771.25,664.562)&(770.688,664.25)
(341.375,91.75)&(335.438,91.3125)
(877.5,488.312)&(878.75,488.688)
(584.875,154.875)&(588.375,155.562)
(381.938,883.062)&(382.812,883.188)
(272.625,31.3125)&(272.312,31.25)
(702.875,515.562)&(707.812,515.562)
(743.188,492.938)&(743.5,492.5)
(38.5625,712.688)&(29.9375,712.75)
(756.062,112.875)&(755.625,112.938)
(565.125,875.438)&(568.875,876.125)
(404.312,857.625)&(405.688,857.625)
(707.438,325.688)&(706.75,325.562)
(844.062,310.688)&(845.125,310.188)
(419.5,47.4375)&(420.938,47.3125)
(915.062,742.875)&(922.5,742.938)
(89.0625,860.75)&(86.6875,860.812)
(660.562,215.375)&(658.938,215.312)
(500.688,398.312)&(496.875,398.438)
(510.062,327)&(506.688,326.875)
(526.375,111.875)&(523.312,111.875)
(467.625,106.938)&(464.188,107.062)
(439.5,989.5)&(441.312,989)
(750.562,574.812)&(751.125,575.062)
(507.875,723.062)&(510.562,723.062)
(909.688,250.312)&(916.375,250.312)
(469.5,28.0625)&(465.25,27.6875)
(393.5,464.688)&(388.938,465)
(425.312,927.25)&(420.75,927.375)
(160.25,159.562)&(153.75,159.25)
(374.938,175.562)&(376.188,175.312)
(761.75,479.25)&(761.625,479.625)
(30.1875,503.625)&(21.875,503.25)
(513.562,64.875)&(510.125,65)
(23.6875,549.375)&(15.0625,549.188)
(48.25,447.5)&(40.125,447.688)
(211.875,710.375)&(204.125,709.875)
(548.438,861.062)&(551.438,861.5)
(211.875,710.375)&(204.125,709.875)
(291.125,260.125)&(291.625,259.875)
(954.688,582.438)&(953.688,578.938)
#