25 24
(291.312,260.25)&(291.625,259.875)
(347.438,356)&(353.188,356.75)
(197.875,709.562)&(204.125,709.875)
(291.25,26.8125)&(296.875,27.1875)
(742.062,492.875)&(743.5,492.5)
(844.5,310.062)&(845.125,310.188)
(377.938,307.188)&(376.312,307.438)
(291.312,260.25)&(291.625,259.875)
(384,883.125)&(382.812,883.188)
(773.812,506.5)&(774.438,506.5)
(280.25,660.688)&(286.125,660.75)
(554.312,861.75)&(551.438,861.5)
(440.375,576.125)&(438.5,576.438)
(463.938,268.75)&(467.625,268.375)
(21.6875,712.562)&(29.9375,712.75)
(272.5,31.4375)&(272.312,31.25)
(330.5,91.125)&(335.438,91.3125)
(523.75,683.625)&(526.688,683.312)
(407.562,857.875)&(405.688,857.625)
(656.438,215.062)&(658.938,215.312)
(923.062,249.812)&(916.375,250.312)
(760.875,480.062)&(761.625,479.625)
(615.875,437.562)&(618.188,437.438)
(928.812,742.688)&(922.5,742.938)
(459.875,106.812)&(464.188,107.062)
(571.75,876.125)&(568.875,876.125)
(591.875,155.438)&(588.375,155.562)
(879,488.5)&(878.75,488.688)
(728.812,529)&(729.438,529)
(351.812,390.625)&(356.125,390.938)
(84.8125,860.875)&(86.6875,860.812)
(513.375,723)&(510.562,723.062)
(519.812,112)&(523.312,111.875)
(493.125,398.188)&(496.875,398.438)
(705.375,325.625)&(706.75,325.562)
(754.625,112.625)&(755.625,112.938)
(384.562,464.938)&(388.938,465)
(712.312,515.938)&(707.812,515.562)
(750.438,575.25)&(751.125,575.062)
(422.375,47.25)&(420.938,47.3125)
(502.438,326.438)&(506.688,326.875)
(461.562,28.125)&(465.25,27.6875)
(417,927.125)&(420.75,927.375)
(443.312,989.312)&(441.312,989)
(506.312,65.25)&(510.125,65)
(13.9375,503.312)&(21.875,503.25)
(147.375,159.312)&(153.75,159.25)
(377.438,175.125)&(376.188,175.312)
(742.062,492.875)&(743.5,492.5)
(291.25,26.8125)&(296.875,27.1875)
(197.875,709.562)&(204.125,709.875)
(347.438,356)&(353.188,356.75)
(765.062,665.5)&(770.688,664.25)
(613.875,509)&(622.75,506.25)
(961.438,588.125)&(953.688,578.938)
#