25 26
(291.312,260.25)&(291.125,260.438)
(347.438,356)&(343.562,356.938)
(197.875,709.562)&(191.75,709.25)
(291.25,26.8125)&(285.938,26.6875)
(742.062,492.875)&(740.938,492.438)
(844.5,310.062)&(843.938,310.062)
(377.938,307.188)&(379.125,306.812)
(291.312,260.25)&(291.125,260.438)
(384,883.125)&(385.312,883.625)
(773.812,506.5)&(774.5,505.438)
(280.25,660.688)&(274.812,660.875)
(554.312,861.75)&(556.875,862.375)
(440.375,576.125)&(442,576.062)
(463.938,268.75)&(459.188,268.75)
(21.6875,712.562)&(14.1875,712.062)
(272.5,31.4375)&(273.938,31.625)
(330.5,91.125)&(326,91.9375)
(613.875,509)&(615.812,508.438)
(523.75,683.625)&(520.812,683.375)
(407.562,857.875)&(409.5,858)
(656.438,215.062)&(654.938,215.062)
(923.062,249.812)&(929,249.938)
(760.875,480.062)&(759.938,480)
(615.875,437.562)&(613.875,437.812)
(928.812,742.688)&(934.875,743.062)
(863.625,809.562)&(869.562,809.75)
(459.875,106.812)&(456.5,106.875)
(571.75,876.125)&(574.312,876.062)
(591.875,155.438)&(595,155.062)
(879,488.5)&(879.188,488.625)
(728.812,529)&(727.875,528.812)
(351.812,390.625)&(346.875,390.812)
(84.8125,860.875)&(84,860.75)
(541.938,862.875)&(544.75,863.5)
(513.375,723)&(515.75,722.75)
(765.062,665.5)&(764.062,666.438)
(519.812,112)&(516.5,112.062)
(493.125,398.188)&(490.188,398)
(705.375,325.625)&(703.938,325.375)
(754.625,112.625)&(754,112.562)
(384.562,464.938)&(380.125,464.5)
(712.312,515.938)&(716.438,516)
(750.438,575.25)&(748.938,575.562)
(422.375,47.25)&(424.125,46.875)
(502.438,326.438)&(499.312,326.688)
(461.562,28.125)&(457.5,27.5)
(417,927.125)&(413.062,927)
(443.312,989.312)&(445.188,989.688)
(506.312,65.25)&(503,65.3125)
(147.375,159.312)&(141,159.312)
(377.438,175.125)&(378.625,175.125)
(742.062,492.875)&(740.938,492.438)
(291.25,26.8125)&(285.938,26.6875)
(197.875,709.562)&(191.75,709.25)
(347.438,356)&(343.562,356.938)
(961.438,588.125)&(957.438,580.812)
#