27 26
(338.625,356.562)&(343.562,356.938)
(280.688,26.875)&(285.938,26.6875)
(617.875,507.188)&(615.812,508.438)
(559.688,862.188)&(556.875,862.375)
(186.875,709.812)&(191.75,709.25)
(456.062,268.938)&(459.188,268.75)
(956.312,580.312)&(957.438,580.812)
(380.875,307.125)&(379.125,306.812)
(444.625,576.062)&(442,576.062)
(617.875,507.188)&(615.812,508.438)
(763.812,666.25)&(764.062,666.438)
(270.25,661)&(274.812,660.875)
(321.375,92)&(326,91.9375)
(513.25,130.312)&(511.062,130.562)
(518.5,722.625)&(515.75,722.75)
(338.625,356.562)&(343.562,356.938)
(652.688,215)&(654.938,215.062)
(773.688,504.5)&(774.5,505.438)
(375.75,464.25)&(380.125,464.5)
(874.188,809.5)&(869.562,809.75)
(518,683.25)&(520.812,683.375)
(934.438,250.125)&(929,249.938)
(878.312,489)&(879.188,488.625)
(940.688,743.688)&(934.875,743.062)
(292.562,260.125)&(291.125,260.438)
(386.75,883.688)&(385.312,883.625)
(83.6875,860.5)&(84,860.75)
(272.375,31.1875)&(273.938,31.625)
(411,858)&(409.5,858)
(740,492.875)&(740.938,492.438)
(843.188,310.125)&(843.938,310.062)
(758.875,479.938)&(759.938,480)
(598,155.188)&(595,155.062)
(341.875,391.125)&(346.875,390.812)
(702.062,325.75)&(703.938,325.375)
(752.938,112.812)&(754,112.562)
(719.75,516.188)&(716.438,516)
(726.562,529.125)&(727.875,528.812)
(496.562,326.5)&(499.312,326.688)
(577.25,875.875)&(574.312,876.062)
(487.25,398.25)&(490.188,398)
(513.25,112.25)&(516.5,112.062)
(425.5,46.9375)&(424.125,46.875)
(454.062,27.0625)&(457.5,27.5)
(499.812,65.125)&(503,65.3125)
(452.812,106.562)&(456.5,106.875)
(23.125,457.188)&(29.6875,457.375)
(447,989.812)&(445.188,989.688)
(409.5,927.062)&(413.062,927)
(134.875,159.312)&(141,159.312)
(611.438,437.75)&(613.875,437.812)
(379.875,174.938)&(378.625,175.125)
(747.562,575.562)&(748.938,575.562)
#