27 28
(338.625,356.562)&(333.5,355.312)
(280.688,26.875)&(274.438,29.3125)
(186.875,709.812)&(181.75,709.312)
(456.062,268.938)&(453.25,268.938)
(956.312,580.312)&(954.938,580.188)
(380.875,307.125)&(382.812,307.062)
(444.625,576.062)&(446.75,575.75)
(763.812,666.25)&(761.75,666.125)
(270.25,661)&(265.625,660.938)
(321.375,92)&(316.875,92.3125)
(513.25,130.312)&(515.375,129.688)
(518.5,722.625)&(521.25,722.812)
(338.625,356.562)&(333.5,355.312)
(652.688,215)&(649.688,214.875)
(773.688,504.5)&(772.062,504.312)
(375.75,464.25)&(372.312,464.125)
(874.188,809.5)&(878.375,809.812)
(518,683.25)&(514.812,683.25)
(934.438,250.125)&(939.25,250.312)
(878.312,489)&(877.562,489.125)
(940.688,743.688)&(945.562,743.812)
(386.75,883.688)&(388.562,883.312)
(83.6875,860.5)&(83.875,860.25)
(411,858)&(412.562,857.688)
(740,492.875)&(738.062,492.438)
(843.188,310.125)&(842.312,310.438)
(758.875,479.938)&(757.688,479.562)
(598,155.188)&(600.688,155.188)
(341.875,391.125)&(337.75,390.812)
(702.062,325.75)&(699.75,326.062)
(752.938,112.812)&(751.188,112.062)
(719.75,516.188)&(723.312,516.438)
(726.562,529.125)&(725,529.125)
(496.562,326.5)&(493.375,326.25)
(577.25,875.875)&(580.375,876.062)
(487.25,398.25)&(484.312,398.375)
(513.25,112.25)&(510,112.312)
(425.5,46.9375)&(427,47)
(454.062,27.0625)&(450.125,27.9375)
(499.812,65.125)&(496.188,65.125)
(452.812,106.562)&(449.125,106.562)
(447,989.812)&(449,989.75)
(409.5,927.062)&(405.688,927)
(611.438,437.75)&(609.25,438)
(379.875,174.938)&(381.25,174.812)
(747.562,575.562)&(745.625,575.625)
(956.312,580.312)&(954.938,580.188)
(456.062,268.938)&(453.25,268.938)
(186.875,709.812)&(181.75,709.312)
(280.688,26.875)&(274.438,29.3125)
(292.562,260.125)&(299.312,255.188)
(617.875,507.188)&(610.562,509.312)
(559.688,862.188)&(550.5,863.375)
(617.875,507.188)&(610.562,509.312)
#