28 29
(265.625,660.938)&(261.375,661.125)
(772.062,504.312)&(770.75,504.062)
(610.562,509.312)&(608.625,508.125)
(333.5,355.312)&(329.125,355.75)
(954.938,580.188)&(953.875,580.125)
(333.5,355.312)&(329.125,355.75)
(181.75,709.312)&(176.688,709.312)
(954.938,580.188)&(953.875,580.125)
(521.25,722.812)&(524.312,723.125)
(382.812,307.062)&(384.75,306.688)
(761.75,666.125)&(762.812,665.688)
(446.75,575.75)&(449.125,575.625)
(274.438,29.3125)&(273.625,29.0625)
(265.625,660.938)&(261.375,661.125)
(610.562,509.312)&(608.625,508.125)
(388.562,883.312)&(391.062,883.25)
(453.25,268.938)&(449.562,269)
(738.062,492.438)&(735.688,493.125)
(372.312,464.125)&(368.5,464)
(515.375,129.688)&(517.812,129.875)
(316.875,92.3125)&(312.312,91.5)
(772.062,504.312)&(770.75,504.062)
(649.688,214.875)&(647.312,214.938)
(412.562,857.688)&(414.75,857.562)
(514.812,683.25)&(511.625,683.625)
(945.562,743.812)&(949.688,744.312)
(496.188,65.125)&(492.75,65.125)
(609.25,438)&(606.125,438.125)
(83.875,860.25)&(84.125,860.125)
(878.375,809.812)&(882.438,810)
(337.75,390.812)&(334.188,390.938)
(757.688,479.562)&(755.312,479.188)
(299.312,255.188)&(300.375,255.125)
(939.25,250.312)&(944.188,250.062)
(600.688,155.188)&(603,155.062)
(725,529.125)&(722.75,528.812)
(877.562,489.125)&(876.438,489.5)
(510,112.312)&(507,112.312)
(493.375,326.25)&(489.688,326.438)
(484.312,398.375)&(480.812,398.125)
(449.125,106.562)&(444.938,106.625)
(723.312,516.438)&(725.875,516.625)
(427,47)&(428.75,46.9375)
(405.688,927)&(402.375,927.438)
(550.5,863.375)&(553.312,863.562)
(381.25,174.812)&(383.25,174.688)
(580.375,876.062)&(582.75,876.375)
(449,989.75)&(450.688,990)
(745.625,575.625)&(743.188,575.938)
(751.188,112.062)&(749.062,112.688)
(842.312,310.438)&(841.312,310.312)
(699.75,326.062)&(697.5,326.188)
(450.125,27.9375)&(447.062,27.0625)
#