30 29
(951.938,579.25)&(953.875,580.125)
(392.75,882.938)&(391.062,883.25)
(758.688,665.625)&(762.812,665.688)
(171.938,709.188)&(176.688,709.312)
(568.438,860)&(565.812,861.75)
(308.062,91.9375)&(312.312,91.5)
(257.938,661.188)&(261.375,661.125)
(451.188,575.562)&(449.125,575.625)
(296.688,259.75)&(300.375,255.125)
(387.062,306.625)&(384.75,306.688)
(951.938,579.25)&(953.875,580.125)
(445.438,269.062)&(449.562,269)
(629,508.562)&(626.062,507.688)
(364.25,464.312)&(368.5,464)
(486,326.688)&(489.688,326.438)
(838.562,310.438)&(841.312,310.312)
(441.375,106.812)&(444.938,106.625)
(605.875,154.562)&(603,155.062)
(768,504.75)&(770.75,504.062)
(325.375,355.688)&(329.125,355.75)
(606.312,508.25)&(608.625,508.125)
(953.625,744.5)&(949.688,744.312)
(443.25,27.25)&(447.062,27.0625)
(508.75,683.562)&(511.625,683.625)
(276.125,30.1875)&(273.625,29.0625)
(417.375,857.875)&(414.75,857.562)
(520.125,130)&(517.812,129.875)
(330.625,391)&(334.188,390.938)
(886.562,810.062)&(882.438,810)
(733.938,493.438)&(735.688,493.125)
(720.312,528.812)&(722.75,528.812)
(85.1875,860.062)&(84.125,860.125)
(729.125,516.375)&(725.875,516.625)
(644.75,214.875)&(647.312,214.938)
(385.125,174.562)&(383.25,174.688)
(948.562,250.125)&(944.188,250.062)
(875,489.5)&(876.438,489.5)
(489.312,65.25)&(492.75,65.125)
(477.688,398.062)&(480.812,398.125)
(603.438,438.062)&(606.125,438.125)
(503.75,112.5)&(507,112.312)
(695.125,325.938)&(697.5,326.188)
(585.062,876.25)&(582.75,876.375)
(398.875,927.688)&(402.375,927.438)
(430.625,47.125)&(428.75,46.9375)
(741.438,576)&(743.188,575.938)
(526.938,723.125)&(524.312,723.125)
(452.312,990)&(450.688,990)
(556.188,863.438)&(553.312,863.562)
(752.938,479.375)&(755.312,479.188)
(746.5,113.25)&(749.062,112.688)
(120.5,159.188)&(124.625,159.5)
#