3 4
(702.688,574.438)&(707.188,574.062)
(755.688,309.188)&(762.812,309.875)
(406.125,857.812)&(403.938,857.562)
(457.25,29.75)&(448.312,29.25)
(716.75,503.375)&(722.562,503.25)
(654.938,214.5)&(656.5,214.625)
(690.438,528.562)&(695.562,529.188)
(392.688,883.062)&(389.625,882.312)
(565.875,397.625)&(562.812,397.938)
(508,464.75)&(501.062,464.75)
(489.062,357.5)&(482.812,361.188)
(852.812,791.938)&(874.812,791.688)
(679.75,325.625)&(683,325.562)
(773.688,488.062)&(782.188,487.5)
(428.25,989)&(428.438,988.75)
(581.875,113.062)&(578.875,112.75)
(452.188,660.938)&(442.562,661)
(570.562,326.125)&(568.062,326.25)
(688.75,742.75)&(701.688,742.438)
(709.375,478.938)&(714.25,479.062)
(303.562,548.5)&(285.5,548.812)
(552.438,269.438)&(547.875,268.938)
(705.75,112.438)&(711.25,112.25)
(481.438,93.25)&(473.625,93.5625)
(699.25,493.125)&(703.625,492.938)
(304.438,504.5)&(286.938,504.688)
(712.938,663.75)&(718.562,663.812)
(631.812,437.688)&(632.312,437.438)
(489.875,390.75)&(482.5,390.938)
(575.625,66.125)&(572,65.6875)
(552.625,28.5)&(548.688,28.3125)
(263.625,529.25)&(242.875,528.875)
(232.062,859.875)&(220.062,860.188)
(481.562,861.438)&(483.062,861.938)
(633.688,507)&(635.5,507.062)
(293.312,186.75)&(275.688,187.062)
(75.875,708.188)&(55.8125,708.5)
(182.812,244.938)&(158.938,244.812)
(200.125,8.5625)&(177.062,8.3125)
(265.25,135.375)&(246.125,135.188)
(76.75,854.688)&(56.1875,854.812)
(252.688,161.125)&(232,161.375)
(116.188,316.125)&(88.75,316.062)
(737.875,207.375)&(754.188,207.688)
(763.812,449.438)&(782.125,449.5)
(387.438,308.062)&(384.5,308.125)
(407.188,708.625)&(394.562,708.25)
(336.625,32.9375)&(330.625,33.5)
(923.25,524.938)&(949.312,525)
(342.812,260)&(337.625,261)
(421.625,576.188)&(419.688,576.125)
(311.375,712.312)&(294.062,712.5)
(752.312,265.312)&(770.812,266.125)
(732.188,505.312)&(748.062,504.812)
(516.875,508.312)&(520.562,508.062)
(737.938,207.438)&(754.188,207.688)
(506.875,156.562)&(510.938,156.25)
(571.625,515.938)&(578.938,516.062)
(259,935.188)&(238.125,935)
(418.188,48.6875)&(416.438,48.75)
(686.312,250.625)&(699.75,250.75)
(391.875,176.312)&(388.938,176.312)
(523.375,925.938)&(517.875,925.938)
(187.75,481.625)&(173.25,481.688)
(165.625,616.25)&(151.062,616.188)
(231.938,491.312)&(209,489)
(460.812,722.5)&(462.375,722.312)
(817,579.875)&(828,584.125)
(231.938,491.312)&(209,489)
(127.375,539.875)&(110.438,539.125)
(716.75,503.375)&(722.562,503.25)
(457.25,29.75)&(448.312,29.25)
(406.125,857.812)&(403.938,857.562)
(755.688,309.188)&(762.812,309.875)
(311.875,448.312)&(298.812,458.25)
(583.5,682.562)&(579.812,682.312)
(85.75,139.688)&(86.8125,140.438)
(311.875,448.312)&(298.812,458.25)
(583.5,682.562)&(579.812,682.312)
(311.875,448.312)&(298.812,458.25)
(583.5,682.562)&(579.812,682.312)
#