31 30
(322.125,355.938)&(325.375,355.688)
(253.875,661.25)&(257.938,661.188)
(453.375,575.688)&(451.188,575.562)
(322.125,355.938)&(325.375,355.688)
(570.125,861)&(568.438,860)
(389.062,306.562)&(387.062,306.625)
(951.625,580.5)&(951.938,579.25)
(755.5,665.562)&(758.688,665.625)
(169,709.875)&(171.938,709.188)
(361.188,464.625)&(364.25,464.312)
(304.375,92.0625)&(308.062,91.9375)
(437.812,106.625)&(441.375,106.812)
(299,259.125)&(296.688,259.75)
(608.562,155.062)&(605.875,154.562)
(394.812,883)&(392.75,882.938)
(631.25,508.438)&(629,508.562)
(439.125,26.9375)&(443.25,27.25)
(482.375,326.625)&(486,326.688)
(529.625,723.375)&(526.938,723.125)
(873.062,489.938)&(875,489.5)
(765.75,504.562)&(768,504.75)
(956.562,744.312)&(953.625,744.5)
(602.5,509.188)&(606.312,508.25)
(441.938,269.062)&(445.438,269.062)
(387.062,174.5)&(385.125,174.562)
(418.875,857.625)&(417.375,857.875)
(522.25,129.938)&(520.125,130)
(836.625,310.875)&(838.562,310.438)
(587.125,876.062)&(585.062,876.25)
(952.062,250)&(948.562,250.125)
(600.75,437.812)&(603.438,438.062)
(890.125,810.25)&(886.562,810.062)
(86.375,860.375)&(85.1875,860.062)
(732.688,515.812)&(729.125,516.375)
(692.5,325.938)&(695.125,325.938)
(642.25,214.938)&(644.75,214.875)
(485.938,65.25)&(489.312,65.25)
(717.688,529.312)&(720.312,528.812)
(474.438,397.875)&(477.688,398.062)
(432.375,46.8125)&(430.625,47.125)
(500.5,112.438)&(503.75,112.5)
(394.875,927.625)&(398.875,927.688)
(277.938,30.125)&(276.125,30.1875)
(505.375,683.438)&(508.75,683.562)
(115.562,158.75)&(120.5,159.188)
(744.312,112.875)&(746.5,113.25)
(731.812,493.438)&(733.938,493.438)
(454.25,989.75)&(452.312,990)
(739.312,575.938)&(741.438,576)
(750.562,479.562)&(752.938,479.375)
#