31 32
(322.125,355.938)&(318.25,355.875)
(253.875,661.25)&(250.188,661.375)
(453.375,575.688)&(455.625,575.062)
(322.125,355.938)&(318.25,355.875)
(570.125,861)&(572.312,861.562)
(389.062,306.562)&(391.688,306.562)
(951.625,580.5)&(951.125,582.562)
(755.5,665.562)&(752.562,666.125)
(169,709.875)&(165,709.25)
(361.188,464.625)&(357.75,464.812)
(304.375,92.0625)&(300.312,91.8125)
(437.812,106.625)&(435.125,106.562)
(299,259.125)&(301.062,259.25)
(608.562,155.062)&(611.25,154.75)
(394.812,883)&(397.312,882.688)
(631.25,508.438)&(633.75,508.5)
(439.125,26.9375)&(436.125,27.4375)
(482.375,326.625)&(480.062,326.312)
(529.625,723.375)&(532.062,723.25)
(873.062,489.938)&(869.938,489.375)
(765.75,504.562)&(763.5,504.812)
(956.562,744.312)&(959.938,744.562)
(602.5,509.188)&(602.688,506.062)
(441.938,269.062)&(438.625,269.125)
(387.062,174.5)&(389.062,174.375)
(418.875,857.625)&(421.312,857.812)
(522.25,129.938)&(524.5,130.062)
(836.625,310.875)&(833.938,310.812)
(587.125,876.062)&(589.875,876.188)
(952.062,250)&(955.062,250.188)
(600.75,437.812)&(598.188,437.938)
(890.125,810.25)&(893,810.188)
(86.375,860.375)&(88.4375,860.125)
(732.688,515.812)&(735.75,516.375)
(692.5,325.938)&(689.812,326.375)
(642.25,214.938)&(639.812,215.125)
(485.938,65.25)&(483,65.125)
(667.75,17.3125)&(664.062,18.0625)
(717.688,529.312)&(715.062,529.312)
(474.438,397.875)&(471.312,397.688)
(432.375,46.8125)&(434.312,46.75)
(500.5,112.438)&(496.688,112.312)
(394.875,927.625)&(392.062,927.312)
(277.938,30.125)&(280.125,30.4375)
(505.375,683.438)&(502.188,683.312)
(115.562,158.75)&(112.25,158.375)
(744.312,112.875)&(741.688,112.562)
(731.812,493.438)&(728.938,493.562)
(454.25,989.75)&(456.688,989.812)
(739.312,575.938)&(737.125,575.625)
(750.562,479.562)&(748.25,479.688)
#