32 33
(760.375,665.188)&(757.75,665.062)
(572.312,861.562)&(574.688,860.812)
(455.625,575.062)&(458.25,575.5)
(165,709.25)&(161.062,709)
(951.125,582.562)&(947.062,581.188)
(250.188,661.375)&(247.688,661.375)
(763.5,504.812)&(761.5,503.875)
(318.25,355.875)&(315.125,355.875)
(391.688,306.562)&(393.688,306.312)
(357.75,464.812)&(354.438,464.688)
(435.125,106.562)&(432,106.688)
(389.062,174.375)&(390.938,174)
(300.312,91.8125)&(297.562,91.875)
(260,26.4375)&(256.75,26.375)
(869.938,489.375)&(867.375,488.875)
(397.312,882.688)&(400.125,882.812)
(633.75,508.5)&(636.25,508.938)
(959.938,744.562)&(962.75,744.438)
(421.312,857.812)&(423.688,857.938)
(436.125,27.4375)&(432.625,27.625)
(480.062,326.312)&(476.438,326.188)
(524.5,130.062)&(526,130.438)
(496.688,112.312)&(493.062,112.438)
(735.75,516.375)&(738.688,516.688)
(88.4375,860.125)&(90.9375,860)
(833.938,310.812)&(831,310.812)
(598.188,437.938)&(595.062,437.75)
(893,810.188)&(895.25,810.5)
(748.25,479.688)&(745,480.375)
(589.875,876.188)&(592.688,876.125)
(715.062,529.312)&(712.375,529.5)
(502.188,683.312)&(499.062,683.688)
(438.625,269.125)&(435.812,269.312)
(955.062,250.188)&(957.375,250.375)
(639.812,215.125)&(636.312,214.875)
(689.812,326.375)&(687.062,326.125)
(471.312,397.688)&(468.438,397.75)
(532.062,723.25)&(534.25,723.188)
(483,65.125)&(480.438,65.125)
(392.062,927.312)&(389.188,927.5)
(456.688,989.812)&(459,989.875)
(728.938,493.562)&(725.5,493.562)
(737.125,575.625)&(734,575.875)
(741.688,112.562)&(738.312,112.812)
(112.25,158.375)&(109.5,159.188)
(951.125,582.562)&(947.062,581.188)
(165,709.25)&(161.062,709)
(455.625,575.062)&(458.25,575.5)
(572.312,861.562)&(574.688,860.812)
(280.125,30.4375)&(282.438,30.4375)
(434.312,46.75)&(436.812,46.6875)
(611.25,154.75)&(613.938,154.438)
(301.062,259.25)&(304,259.625)
#