34 33
(427.25,603.5)&(426.375,603.375)
(158.25,709.125)&(161.062,709)
(312.25,355.75)&(315.125,355.875)
(244.5,661)&(247.688,661.375)
(461.562,575.75)&(458.25,575.5)
(757.938,503.938)&(761.5,503.875)
(943.062,581)&(947.062,581.188)
(244.188,31.5)&(246.625,31.625)
(536.688,723.25)&(534.25,723.188)
(396.125,306.188)&(393.688,306.312)
(752.75,665.25)&(757.75,665.062)
(827.25,311.25)&(831,310.812)
(393.5,174.188)&(390.938,174)
(591.125,510)&(596.188,508.812)
(253.938,26.4375)&(256.75,26.375)
(402.688,883.188)&(400.125,882.812)
(316.5,390.5)&(319.688,390.625)
(615.688,154.625)&(613.938,154.438)
(294,91.6875)&(297.562,91.875)
(489.562,112.188)&(493.062,112.438)
(428.812,106.25)&(432,106.688)
(93.75,859.812)&(90.9375,860)
(897.375,810.562)&(895.25,810.5)
(741.938,480.938)&(745,480.375)
(426.5,857.75)&(423.688,857.938)
(464.625,397.75)&(468.438,397.75)
(528.438,129.875)&(526,130.438)
(591.875,437.938)&(595.062,437.75)
(351.75,464.438)&(354.438,464.688)
(594.812,876.25)&(592.688,876.125)
(429.312,27.3125)&(432.625,27.625)
(683.375,325.875)&(687.062,326.125)
(632.938,214.5)&(636.312,214.875)
(284.5,30.3125)&(282.438,30.4375)
(495.812,683.938)&(499.062,683.688)
(461.062,990.188)&(459,989.875)
(959.312,250.188)&(957.375,250.375)
(473.188,326.312)&(476.438,326.188)
(432.188,269.5)&(435.812,269.312)
(964.438,744.25)&(962.75,744.438)
(477,65.125)&(480.438,65.125)
(722.125,493.438)&(725.5,493.562)
(638.625,508.688)&(636.25,508.938)
(708.875,529.938)&(712.375,529.5)
(734.438,112.625)&(738.312,112.812)
(864.188,488.938)&(867.375,488.875)
(386.25,927.938)&(389.188,927.5)
(740.875,516.75)&(738.688,516.688)
(730.625,576.188)&(734,575.875)
(439.375,46.1875)&(436.812,46.6875)
(461.562,575.75)&(458.25,575.5)
(244.5,661)&(247.688,661.375)
(312.25,355.75)&(315.125,355.875)
(158.25,709.125)&(161.062,709)
(309.25,256.375)&(304,259.625)
#