34 35
(158.25,709.125)&(155.875,708.125)
(312.25,355.75)&(309,355.062)
(244.5,661)&(241.5,660.625)
(461.562,575.75)&(464.125,575.562)
(309.25,256.375)&(309.812,257.75)
(244.188,31.5)&(240.812,31.25)
(536.688,723.25)&(539.25,723)
(396.125,306.188)&(398.875,305.875)
(827.25,311.25)&(821.812,311.125)
(393.5,174.188)&(396.188,174)
(591.125,510)&(588.25,510.375)
(253.938,26.4375)&(250.688,26.75)
(402.688,883.188)&(405.75,883.375)
(316.5,390.5)&(313.875,390.812)
(615.688,154.625)&(617.438,154.125)
(294,91.6875)&(290.812,91.4375)
(489.562,112.188)&(486.375,112.938)
(428.812,106.25)&(425.438,106.062)
(93.75,859.812)&(97.3125,859.5)
(897.375,810.562)&(899.062,810.5)
(741.938,480.938)&(738.188,480.562)
(426.5,857.75)&(429.188,858.125)
(464.625,397.75)&(461.438,397.562)
(528.438,129.875)&(530.75,129.312)
(591.875,437.938)&(588.062,438.125)
(351.75,464.438)&(348.688,464.688)
(429.312,27.3125)&(426.688,27.1875)
(683.375,325.875)&(679.562,325.5)
(632.938,214.5)&(628.812,214.625)
(284.5,30.3125)&(286.688,30.25)
(495.812,683.938)&(493.25,684.312)
(461.062,990.188)&(463.812,990.375)
(473.188,326.312)&(470.375,326)
(432.188,269.5)&(428.875,269.5)
(964.438,744.25)&(966.188,744.25)
(477,65.125)&(473.688,65.1875)
(722.125,493.438)&(718.5,493.625)
(638.625,508.688)&(640.625,508.375)
(708.875,529.938)&(705.312,529.938)
(734.438,112.625)&(730.562,113.188)
(864.188,488.938)&(860,489.312)
(386.25,927.938)&(383.375,927.938)
(740.875,516.75)&(742.562,516.562)
(730.625,576.188)&(726.812,576.25)
(439.375,46.1875)&(441.25,45.8125)
(309.25,256.375)&(309.812,257.75)
(244.5,661)&(241.5,660.625)
(959.312,250.188)&(960.875,250.062)
(594.812,876.25)&(580.188,861.125)
(752.75,665.25)&(743.875,666.5)
(943.062,581)&(935.312,578.812)
#