36 35
(466.438,575.438)&(464.125,575.562)
(306.438,354.938)&(309,355.062)
(746.688,665.688)&(743.875,666.5)
(743.625,516.625)&(742.562,516.562)
(239.125,660.125)&(241.5,660.625)
(306.438,354.938)&(309,355.062)
(154.25,708.812)&(155.875,708.125)
(466.438,575.438)&(464.125,575.562)
(582.062,861.062)&(580.188,861.125)
(934.188,581.312)&(935.312,578.812)
(401.812,305.875)&(398.875,305.875)
(238.5,31.25)&(240.812,31.25)
(541.562,723)&(539.25,723)
(288.438,90.875)&(290.812,91.4375)
(398.938,174.062)&(396.188,174)
(248.25,26.5)&(250.688,26.75)
(618.875,154.5)&(617.438,154.125)
(584.5,437.875)&(588.062,438.125)
(311.688,391)&(313.875,390.812)
(585.812,509.875)&(588.25,510.375)
(458.438,397.688)&(461.438,397.562)
(408.25,883.062)&(405.75,883.375)
(676,325.125)&(679.562,325.5)
(422.188,106.25)&(425.438,106.062)
(625.375,214.5)&(628.812,214.625)
(967.125,744.125)&(966.188,744.25)
(490.125,684.062)&(493.25,684.312)
(289.812,30.5)&(286.688,30.25)
(468,325.688)&(470.375,326)
(345.438,465.062)&(348.688,464.688)
(100.562,859.312)&(97.3125,859.5)
(532.688,129.188)&(530.75,129.312)
(701.438,529.562)&(705.312,529.938)
(483.562,113.062)&(486.375,112.938)
(738.375,666.75)&(743.875,666.5)
(470,64.9375)&(473.688,65.1875)
(431.312,858.062)&(429.188,858.125)
(818.625,311.688)&(821.812,311.125)
(961.312,250.062)&(960.875,250.062)
(734.375,481)&(738.188,480.562)
(855.5,489.688)&(860,489.312)
(642.562,508.562)&(640.625,508.375)
(423.938,27.25)&(426.688,27.1875)
(726.625,113.125)&(730.562,113.188)
(722.688,576.375)&(726.812,576.25)
(443.688,46)&(441.25,45.8125)
(381.062,927.875)&(383.375,927.938)
(466,990.312)&(463.812,990.375)
(714.375,494.688)&(718.5,493.625)
(426.062,269.438)&(428.875,269.5)
(900.562,810.438)&(899.062,810.5)
(239.125,660.125)&(241.5,660.625)
(743.625,516.625)&(742.562,516.562)
(746.688,665.688)&(743.875,666.5)
(306.438,354.938)&(309,355.062)
(315.875,254.875)&(309.812,257.75)
#