36 37
(466.438,575.438)&(468.5,575.312)
(306.438,354.938)&(304,354.625)
(239.125,660.125)&(237.25,660.625)
(306.438,354.938)&(304,354.625)
(154.25,708.812)&(153.562,708.875)
(315.875,254.875)&(315.688,258.062)
(466.438,575.438)&(468.5,575.312)
(582.062,861.062)&(583.875,860.875)
(934.188,581.312)&(929.875,582.125)
(401.812,305.875)&(405.062,306.062)
(238.5,31.25)&(236.938,31.25)
(541.562,723)&(543.938,722.875)
(288.438,90.875)&(286,91.1875)
(398.938,174.062)&(401.938,173.812)
(248.25,26.5)&(246.062,26.25)
(618.875,154.5)&(620.875,154.688)
(584.5,437.875)&(581.25,437.875)
(311.688,391)&(309.5,391.188)
(585.812,509.875)&(584.062,509.188)
(458.438,397.688)&(455.438,397.562)
(408.25,883.062)&(410.438,883.312)
(676,325.125)&(672,325.25)
(422.188,106.25)&(418.75,106.75)
(625.375,214.5)&(621.375,214.688)
(967.125,744.125)&(967.625,744.188)
(490.125,684.062)&(486.875,683.938)
(289.812,30.5)&(293.125,30.5)
(468,325.688)&(464.062,326.25)
(345.438,465.062)&(343.75,465.25)
(100.562,859.312)&(105.062,859.438)
(532.688,129.188)&(534.125,129.125)
(701.438,529.562)&(697.312,529.688)
(483.562,113.062)&(480.812,113.062)
(738.375,666.75)&(735.375,666.5)
(470,64.9375)&(466.625,64.875)
(431.312,858.062)&(434.25,857.938)
(818.625,311.688)&(813.688,311.625)
(961.312,250.062)&(961,250.062)
(734.375,481)&(730.375,480.812)
(570.25,862.062)&(572.562,862.375)
(855.5,489.688)&(850.312,489.625)
(642.562,508.562)&(644.375,508.562)
(423.938,27.25)&(420.688,27.1875)
(726.625,113.125)&(722.75,113.25)
(722.688,576.375)&(718.75,576.5)
(443.688,46)&(446.188,45.8125)
(381.062,927.875)&(378.438,927.812)
(466,990.312)&(468.312,989.875)
(714.375,494.688)&(710.438,494.438)
(426.062,269.438)&(423.5,268.938)
(900.562,810.438)&(900.625,810.312)
(154.25,708.812)&(153.562,708.875)
(306.438,354.938)&(304,354.625)
(239.125,660.125)&(237.25,660.625)
(306.438,354.938)&(304,354.625)
(746.688,665.688)&(735.375,666.5)
#