37 38
(407.938,610.562)&(409.562,610.5)
(929.875,582.125)&(922.062,579.938)
(304,354.625)&(301.062,355.062)
(735.375,666.5)&(731,666.375)
(237.25,660.625)&(235,660.75)
(304,354.625)&(301.062,355.062)
(315.688,258.062)&(318.75,258.688)
(583.875,860.875)&(585.625,861.375)
(153.562,708.875)&(152,709.438)
(929.688,581.875)&(922.062,579.938)
(246.062,26.25)&(244.375,25.875)
(468.5,575.312)&(471.688,575.25)
(236.938,31.25)&(235.062,31.625)
(543.938,722.875)&(546.188,723.188)
(405.062,306.062)&(408.25,305.812)
(286,91.1875)&(283.875,91.0625)
(455.438,397.562)&(452.5,397.438)
(584.062,509.188)&(581.312,508.812)
(620.875,154.688)&(622.188,154.5)
(621.375,214.688)&(617,214.688)
(401.938,173.812)&(404.75,173.688)
(672,325.25)&(667,324.938)
(293.125,30.5)&(297.188,30.375)
(967.625,744.188)&(967.062,744.188)
(900.625,810.312)&(900.812,810.5)
(309.5,391.188)&(307.562,390.625)
(813.688,311.625)&(808.625,311.812)
(434.25,857.938)&(437.375,857.875)
(105.062,859.438)&(110.5,859.5)
(961,250.062)&(960.438,250.562)
(722.75,113.25)&(717.938,112.938)
(464.062,326.25)&(461.25,326.688)
(697.312,529.688)&(692.938,529.938)
(480.812,113.062)&(477.812,113.062)
(735.375,666.5)&(731,666.375)
(534.125,129.125)&(535.75,129.312)
(343.75,465.25)&(341.875,464.938)
(410.438,883.312)&(414.125,883.5)
(446.188,45.8125)&(448.312,45.6875)
(850.312,489.625)&(845.188,489.812)
(486.875,683.938)&(483.5,683.562)
(420.688,27.1875)&(417.25,27)
(644.375,508.562)&(646.375,508.562)
(418.75,106.75)&(416.312,106.375)
(468.312,989.875)&(470.688,989.75)
(10.125,478.938)&(15.125,479.188)
(730.375,480.812)&(725.875,480.938)
(466.625,64.875)&(463.188,65)
(378.438,927.812)&(376.188,927.5)
(718.75,576.5)&(714.625,576.312)
(423.5,268.938)&(420.562,268.688)
(710.438,494.438)&(706.562,494.562)
(581.25,437.875)&(577.625,437.938)
(101.562,158.688)&(101.25,158.438)
#