39 38
(474.75,575.312)&(471.688,575.25)
(322,258.562)&(318.75,258.688)
(305.062,390.312)&(307.562,390.625)
(300.5,355.938)&(301.062,355.062)
(587.688,860.812)&(585.625,861.375)
(917.688,582.125)&(922.062,579.938)
(322,258.562)&(318.75,258.688)
(234.125,661)&(235,660.75)
(300.5,355.938)&(301.062,355.062)
(281.875,90.75)&(283.875,91.0625)
(417.438,882.938)&(414.125,883.5)
(411.438,305.625)&(408.25,305.812)
(474.75,575.312)&(471.688,575.25)
(150.562,708.875)&(152,709.438)
(449.625,397.625)&(452.5,397.438)
(548.5,723.312)&(546.188,723.188)
(413.438,106.562)&(416.312,106.375)
(301.188,30.3125)&(297.188,30.375)
(458.188,326.438)&(461.25,326.688)
(734.25,665.875)&(731,666.375)
(575.938,509.5)&(581.312,508.812)
(734.375,506.5)&(742.25,504.25)
(662.438,325.375)&(667,324.938)
(899.938,810.562)&(900.812,810.5)
(623.938,154.438)&(622.188,154.5)
(339,464.5)&(341.875,464.938)
(474.312,112.938)&(477.812,113.062)
(537.688,129.75)&(535.75,129.312)
(573.75,438)&(577.625,437.938)
(959.062,250.375)&(960.438,250.562)
(440.562,857.75)&(437.375,857.875)
(407.5,173.125)&(404.75,173.688)
(966.062,743.938)&(967.062,744.188)
(450.625,45.5625)&(448.312,45.6875)
(647.938,508.5)&(646.375,508.562)
(613.188,214.812)&(617,214.688)
(115.625,859.375)&(110.5,859.5)
(709.438,576.25)&(714.625,576.312)
(713,112.812)&(717.938,112.938)
(746.562,516.5)&(745.875,516.688)
(473,989.812)&(470.688,989.75)
(688.812,530.438)&(692.938,529.938)
(480.438,683.812)&(483.5,683.562)
(460.125,64.9375)&(463.188,65)
(802.438,312)&(808.625,311.812)
(414.125,27.6875)&(417.25,27)
(839.812,489.938)&(845.188,489.812)
(701.875,494.812)&(706.562,494.562)
(373.875,927.562)&(376.188,927.5)
(720.75,480.75)&(725.875,480.938)
(100.938,158.562)&(101.25,158.438)
(587.688,860.812)&(585.625,861.375)
(300.5,355.938)&(301.062,355.062)
(305.062,390.312)&(307.562,390.625)
(322,258.562)&(318.75,258.688)
(647,7.625)&(642.625,19.8125)
(430,735.5)&(443.188,718.875)
#