40 39
(303.375,390.812)&(305.062,390.312)
(150.875,709.25)&(150.562,708.875)
(477.562,575.188)&(474.75,575.312)
(589.25,860.875)&(587.688,860.812)
(325.688,258.938)&(322,258.562)
(910.312,582.438)&(917.688,582.125)
(414.375,305.875)&(411.438,305.625)
(420.625,883.312)&(417.438,882.938)
(732.375,504.188)&(734.375,506.5)
(446.812,397.938)&(449.625,397.625)
(280.312,91.125)&(281.875,90.75)
(625.438,154.188)&(623.938,154.438)
(550.812,723.125)&(548.5,723.312)
(300.312,356.875)&(300.5,355.938)
(454.938,326.438)&(458.188,326.438)
(232.625,661.188)&(234.125,661)
(571.812,510.25)&(575.938,509.5)
(649.062,508.25)&(647.938,508.5)
(304.812,30.125)&(301.188,30.3125)
(658.5,325.688)&(662.438,325.375)
(475.625,990.062)&(473,989.812)
(957.688,250.5)&(959.062,250.375)
(477.375,684.062)&(480.438,683.812)
(684.312,530.25)&(688.812,530.438)
(410.75,27.25)&(414.125,27.6875)
(608.875,215.062)&(613.188,214.812)
(470.812,113.312)&(474.312,112.938)
(456.875,65.25)&(460.125,64.9375)
(452.75,45.375)&(450.625,45.5625)
(410.5,173.312)&(407.5,173.125)
(715.688,480.75)&(720.75,480.75)
(443.562,857.938)&(440.562,857.75)
(899.562,811.125)&(899.938,810.562)
(708.125,112.562)&(713,112.812)
(747.375,516.562)&(746.562,516.5)
(121.062,859.25)&(115.625,859.375)
(964.375,744.062)&(966.062,743.938)
(834.062,490.125)&(839.812,489.938)
(410.875,106.312)&(413.438,106.562)
(705,576.125)&(709.438,576.25)
(337.25,464.688)&(339,464.5)
(569.938,438.188)&(573.75,438)
(372.062,927.688)&(373.875,927.562)
(797.938,312.562)&(802.438,312)
(696.812,494.375)&(701.875,494.812)
(325.688,258.938)&(322,258.562)
(589.25,860.875)&(587.688,860.812)
(477.562,575.188)&(474.75,575.312)
(150.875,709.25)&(150.562,708.875)
(721.938,666.312)&(734.25,665.875)
(634.5,14.75)&(647,7.625)
(721.938,666.312)&(734.25,665.875)
#