5 4
(836.625,577.75)&(825.25,577.5)
(388.312,882.75)&(389.625,882.312)
(137.312,616.125)&(151.062,616.188)
(836.75,578.125)&(825.25,577.5)
(434,661)&(442.562,661)
(746.125,33.1875)&(739.125,35.75)
(402.938,857.25)&(403.938,857.562)
(836.625,577.75)&(825.25,577.5)
(677.625,808.75)&(664.812,808.812)
(473.625,356.875)&(480.125,355.188)
(578.188,682.438)&(579.812,682.312)
(712,574.5)&(707.188,574.062)
(484.75,862.688)&(483.062,861.938)
(439.688,29.0625)&(448.312,29.25)
(715.062,742.188)&(701.688,742.438)
(714.875,112.375)&(711.25,112.25)
(464.75,722.188)&(462.375,722.312)
(790.5,487.75)&(782.188,487.5)
(494.812,464.25)&(501.062,464.75)
(635.125,507.5)&(635.5,507.062)
(686.188,325.062)&(683,325.562)
(559.125,397.562)&(562.812,397.938)
(633.062,437.312)&(632.312,437.438)
(208.562,860.562)&(220.062,860.188)
(268.5,548.375)&(285.5,548.812)
(565.125,325.625)&(568.062,326.25)
(728.188,503.062)&(722.562,503.25)
(428,988.688)&(428.438,988.75)
(770.062,309.875)&(762.812,309.875)
(658.75,214)&(656.5,214.625)
(190.438,490)&(209,489)
(569.25,65.4375)&(572,65.6875)
(577.125,113.125)&(578.875,112.75)
(465.5,92.75)&(473.625,93.5625)
(224.062,528.562)&(242.875,528.875)
(723.188,663.875)&(718.562,663.812)
(475.125,390.75)&(482.5,390.938)
(544.75,28)&(548.688,28.3125)
(719.562,478.812)&(714.25,479.062)
(270.25,504.375)&(286.938,504.688)
(36.5625,708.5)&(55.8125,708.5)
(135.125,244.812)&(158.938,244.812)
(35.875,854.875)&(56.1875,854.812)
(227.75,135.438)&(246.125,135.188)
(212.938,161.25)&(232,161.375)
(61.8125,315.75)&(88.75,316.062)
(871.688,515)&(849.812,515.062)
(801.375,448.125)&(782.125,449.5)
(382.938,307.812)&(384.5,308.125)
(898.062,791.625)&(874.812,791.688)
(277.5,712.438)&(294.062,712.5)
(770.688,207.062)&(754.188,207.688)
(975.375,524.625)&(949.312,525)
(787.938,265.188)&(770.812,266.125)
(335.125,257)&(337.625,261)
(419.375,576.25)&(419.688,576.125)
(713.625,250.812)&(699.75,250.75)
(324.75,33.375)&(330.625,33.5)
(587.625,517.312)&(578.938,516.062)
(415.75,48.4375)&(416.438,48.75)
(515.375,156.062)&(510.938,156.25)
(94.625,540.25)&(110.438,539.125)
(387.188,176.125)&(388.938,176.312)
(512.625,925.5)&(517.875,925.938)
(220.625,935.125)&(238.125,935)
(159.75,481.438)&(173.25,481.688)
(434,661)&(442.562,661)
(836.75,578.125)&(825.25,577.5)
(137.312,616.125)&(151.062,616.188)
(388.312,882.75)&(389.625,882.312)
(279.938,448.25)&(298.812,458.25)
(382,707.938)&(394.562,708.25)
(279.938,448.25)&(298.812,458.25)
(382,707.938)&(394.562,708.25)
#