40 41
(303.375,390.812)&(302.562,390.5)
(150.875,709.25)&(150.688,709)
(413.5,268.125)&(411.125,268.562)
(477.562,575.188)&(480.25,575.25)
(589.25,860.875)&(591.562,859.938)
(325.688,258.938)&(330.5,257.812)
(910.312,582.438)&(902.25,581.375)
(414.375,305.875)&(417.688,305.812)
(420.625,883.312)&(424.062,883.125)
(732.375,504.188)&(727.312,503.75)
(446.812,397.938)&(444.062,397.688)
(280.312,91.125)&(278.938,91.0625)
(721.938,666.312)&(715.562,666.688)
(625.438,154.188)&(626.75,154.125)
(550.812,723.125)&(553.5,723.625)
(300.312,356.875)&(298.188,356.188)
(454.938,326.438)&(452.562,326.438)
(232.625,661.188)&(232.188,660.812)
(571.812,510.25)&(568.25,508.75)
(634.5,14.75)&(631,10.25)
(721.938,666.312)&(715.562,666.688)
(649.062,508.25)&(650,507.75)
(304.812,30.125)&(308.938,30.125)
(658.5,325.688)&(653.812,326)
(475.625,990.062)&(478.75,989.875)
(957.688,250.5)&(955.312,250.688)
(477.375,684.062)&(474,684.375)
(684.312,530.25)&(679.5,529.75)
(410.75,27.25)&(407.812,27.0625)
(608.875,215.062)&(604.688,215.125)
(470.812,113.312)&(467.812,113.312)
(456.875,65.25)&(453.625,65.375)
(452.75,45.375)&(455.812,45.3125)
(410.5,173.312)&(413.75,173.312)
(715.688,480.75)&(710.188,480.625)
(443.562,857.938)&(446.438,857.875)
(899.562,811.125)&(897.812,810.75)
(708.125,112.562)&(703.062,112.5)
(747.375,516.562)&(747.5,516.188)
(121.062,859.25)&(127.438,858.812)
(964.375,744.062)&(962.312,744.188)
(834.062,490.125)&(827.625,490.188)
(410.875,106.312)&(408.375,106.438)
(705,576.125)&(700.562,576.625)
(337.25,464.688)&(336,464.688)
(569.938,438.188)&(566.875,437.875)
(372.062,927.688)&(370.562,927.562)
(797.938,312.562)&(791.562,312.125)
(27.875,479.062)&(35,479)
(696.812,494.375)&(691.625,494.625)
(589.25,860.875)&(591.562,859.938)
(477.562,575.188)&(480.25,575.25)
(413.5,268.125)&(411.125,268.562)
(150.875,709.25)&(150.688,709)
(241,26.25)&(229.875,30.6875)
#