42 41
(335.188,257.75)&(330.5,257.812)
(747.125,39.375)&(754.312,35.6875)
(22.75,613)&(14.8125,613.562)
(626.375,8.1875)&(631,10.25)
(301.688,390.688)&(302.562,390.5)
(152.875,710.875)&(150.688,709)
(719.438,506)&(727.312,503.75)
(442.125,397.875)&(444.062,397.688)
(427,883.125)&(424.062,883.125)
(421.062,305.625)&(417.688,305.812)
(296.812,356.125)&(298.188,356.188)
(229.75,30.75)&(229.875,30.6875)
(895.688,582.312)&(902.25,581.375)
(232.125,661.125)&(232.188,660.812)
(483.125,575.875)&(480.25,575.25)
(784.562,312.062)&(791.562,312.125)
(449.938,326.438)&(452.562,326.438)
(748.25,32.375)&(754.312,35.6875)
(674.25,530.312)&(679.5,529.75)
(565.188,508.688)&(568.25,508.75)
(895.812,811.312)&(897.812,810.75)
(313.062,29.875)&(308.938,30.125)
(650.812,507.438)&(650,507.75)
(686.438,494.5)&(691.625,494.625)
(561.938,438.125)&(566.875,437.875)
(821.125,490)&(827.625,490.188)
(133.875,858.625)&(127.438,858.812)
(600.25,215.125)&(604.688,215.125)
(627.938,154.625)&(626.75,154.125)
(416.75,172.938)&(413.75,173.312)
(555.438,723.438)&(553.5,723.625)
(710.438,666.625)&(715.562,666.688)
(409.875,268.312)&(411.125,268.562)
(458.625,45.4375)&(455.812,45.3125)
(704.875,480.25)&(710.188,480.625)
(959.938,744.375)&(962.312,744.188)
(334.25,464.438)&(336,464.688)
(471.5,684.5)&(474,684.375)
(953.062,250.75)&(955.312,250.688)
(746.625,516.312)&(747.5,516.188)
(449.75,857.75)&(446.438,857.875)
(464.938,113.25)&(467.812,113.312)
(698.125,112.062)&(703.062,112.5)
(695.125,577.188)&(700.562,576.625)
(481.375,989.938)&(478.75,989.875)
(278,91.125)&(278.938,91.0625)
(451,65.5625)&(453.625,65.375)
(648.75,326.375)&(653.812,326)
(369.188,927.5)&(370.562,927.562)
(405.312,27.125)&(407.812,27.0625)
(42.6875,478.75)&(35,479)
#