42 43
(747.125,39.375)&(740.438,39.375)
(22.75,613)&(31.5,612.812)
(301.688,390.688)&(301.125,391)
(152.875,710.875)&(153,709.75)
(719.438,506)&(712.375,506.75)
(442.125,397.875)&(439.375,398.375)
(427,883.125)&(430.375,882.875)
(421.062,305.625)&(424.625,305.562)
(296.812,356.125)&(295.438,355.875)
(229.75,30.75)&(230.062,30.5)
(895.688,582.312)&(886.688,580.438)
(232.125,661.125)&(231.938,660.875)
(483.125,575.875)&(485.812,575.375)
(784.562,312.062)&(778.125,312.438)
(449.938,326.438)&(447.312,326.375)
(674.25,530.312)&(669,530.75)
(565.188,508.688)&(559.312,509.125)
(895.812,811.312)&(893.5,811.188)
(313.062,29.875)&(317.125,29.75)
(650.812,507.438)&(651.312,507.188)
(686.438,494.5)&(681.125,494.5)
(561.938,438.125)&(557.375,437.938)
(821.125,490)&(814,489.688)
(133.875,858.625)&(141.125,858.812)
(600.25,215.125)&(595.875,214.938)
(627.938,154.625)&(628.562,154.562)
(416.75,172.938)&(420.438,172.938)
(555.438,723.438)&(557.438,723.5)
(710.438,666.625)&(703.688,666.875)
(409.875,268.312)&(407.812,269)
(458.625,45.4375)&(461.438,45.9375)
(704.875,480.25)&(699.375,480.188)
(959.938,744.375)&(956.812,744.688)
(334.25,464.438)&(332.75,464.438)
(471.5,684.5)&(469.25,684.5)
(953.062,250.75)&(949.812,250.625)
(746.625,516.312)&(746.375,516)
(449.75,857.75)&(453.188,857.625)
(464.938,113.25)&(462.25,113.188)
(698.125,112.062)&(692.188,111.75)
(695.125,577.188)&(689.5,577.125)
(481.375,989.938)&(484.25,990.188)
(278,91.125)&(277.125,90.875)
(451,65.5625)&(448.25,65.375)
(648.75,326.375)&(643.062,326.688)
(369.188,927.5)&(367.25,927.875)
(405.312,27.125)&(403.25,27.1875)
(42.6875,478.75)&(50.875,478.75)
(719.438,506)&(712.375,506.75)
(152.875,710.875)&(153,709.75)
(301.688,390.688)&(301.125,391)
(22.75,613)&(31.5,612.812)
(626.375,8.1875)&(618.875,14.6875)
(335.188,257.75)&(342.25,256.062)
#