43 44
(301.125,391)&(298.562,389.812)
(430.375,882.875)&(434.938,882.438)
(559.312,509.125)&(559.625,505.938)
(886.688,580.438)&(877.312,579.5)
(402.875,106.375)&(401,106.688)
(31.5,612.812)&(40.5625,612.875)
(485.812,575.375)&(488.938,575.312)
(439.375,398.375)&(437.25,398.188)
(230.062,30.5)&(229.688,30.3125)
(153,709.75)&(154.625,709.062)
(424.625,305.562)&(428.625,305.5)
(618.875,14.6875)&(614.25,15.4375)
(557.375,437.938)&(554.125,437.25)
(595.875,214.938)&(591.312,215.25)
(295.438,355.875)&(294.875,355.938)
(420.438,172.938)&(423.938,173)
(447.312,326.375)&(444.75,326.438)
(407.812,269)&(405.5,269.125)
(317.125,29.75)&(322.125,29.9375)
(231.938,660.875)&(232.875,661.062)
(141.125,858.812)&(149,858.875)
(956.812,744.688)&(953.312,744.625)
(949.812,250.625)&(945.875,250.625)
(277.125,90.875)&(276.438,90.4375)
(746.375,516)&(745.938,516)
(778.125,312.438)&(771.438,312.438)
(628.562,154.562)&(629,154.938)
(681.125,494.5)&(676.312,494.5)
(669,530.75)&(663.875,531.062)
(651.312,507.188)&(651.625,507.312)
(893.5,811.188)&(890.75,811.375)
(461.438,45.9375)&(464.188,45.625)
(699.375,480.188)&(693.438,480.188)
(557.438,723.5)&(559.75,723.562)
(332.75,464.438)&(331.75,464.562)
(469.25,684.5)&(466.25,684.312)
(740.438,39.375)&(734.25,39.5625)
(462.25,113.188)&(459.188,112.688)
(403.25,27.1875)&(401.625,27.4375)
(453.188,857.625)&(456.562,857.688)
(448.25,65.375)&(445.438,65.25)
(712.375,506.75)&(708.312,505.125)
(703.688,666.875)&(699,666.75)
(484.25,990.188)&(486.875,990.312)
(692.188,111.75)&(686.125,112.375)
(689.5,577.125)&(683.562,576.812)
(814,489.688)&(806.375,490.5)
(643.062,326.688)&(637.938,326.688)
(50.875,478.75)&(59.125,478.562)
(402.875,106.375)&(401,106.688)
(886.688,580.438)&(877.312,579.5)
(559.312,509.125)&(559.625,505.938)
(430.375,882.875)&(434.938,882.438)
(342.25,256.062)&(349.188,254.25)
#