44 45
(567.875,771.062)&(567.625,771.312)
(298.562,389.812)&(298.625,389.5)
(877.312,579.5)&(869.062,580.938)
(559.625,505.938)&(555.562,506.25)
(437.25,398.188)&(434.562,397.312)
(614.25,15.4375)&(608.875,14.8125)
(488.938,575.312)&(491.688,575.5)
(349.188,254.25)&(352.938,255.125)
(322.125,29.9375)&(327.188,29.1875)
(154.625,709.062)&(156.5,708.25)
(294.875,355.938)&(295.125,355.75)
(953.312,744.625)&(949.188,744.875)
(428.625,305.5)&(432.188,305.438)
(232.875,661.062)&(233.812,660.812)
(444.75,326.438)&(442.562,326)
(276.438,90.4375)&(275.875,90)
(708.312,505.125)&(699.562,507.562)
(401,106.688)&(399,106.438)
(423.938,173)&(427.75,172.75)
(596.312,859.062)&(597.562,858.938)
(945.875,250.625)&(941.5,250.562)
(434.938,882.438)&(439,882.562)
(651.625,507.312)&(652.062,507.5)
(405.5,269.125)&(403.562,268.75)
(40.5625,612.875)&(50.4375,612)
(149,858.875)&(157.5,859.25)
(401.625,27.4375)&(398.5,27.4375)
(466.25,684.312)&(462.875,684.312)
(629,154.938)&(629.312,154.938)
(238.688,25.5625)&(239.688,25.5)
(591.312,215.25)&(586.312,214.938)
(331.75,464.562)&(330.938,464.375)
(459.188,112.688)&(455.812,112.062)
(559.75,723.562)&(562.25,723.25)
(771.438,312.438)&(764.125,312.375)
(676.312,494.5)&(670.062,494.562)
(699,666.75)&(692.812,666.938)
(554.125,437.25)&(550.625,437.312)
(745.938,516)&(744.875,515.625)
(806.375,490.5)&(798.125,490.25)
(456.562,857.688)&(460.25,857.75)
(693.438,480.188)&(687.562,480.125)
(663.875,531.062)&(658.062,530.875)
(445.438,65.25)&(442.625,65.1875)
(683.562,576.812)&(677.562,576.875)
(464.188,45.625)&(467.125,45.3125)
(686.125,112.375)&(679.562,112.875)
(890.75,811.375)&(888.062,811.125)
(486.875,990.312)&(490.062,990.188)
(734.25,39.5625)&(727.75,39.1875)
(637.938,326.688)&(632.875,326.625)
(59.125,478.562)&(67.625,478.812)
#