45 46
(567.625,771.312)&(565.125,771.062)
(295.125,355.75)&(295.938,355.75)
(550.25,510.062)&(546.812,509)
(869.062,580.938)&(861.062,583.188)
(298.625,389.5)&(299.312,390.25)
(233.812,660.812)&(233.938,660.688)
(699.562,507.562)&(694.375,506.062)
(491.688,575.5)&(495.5,575.688)
(432.188,305.438)&(436.188,305.25)
(442.562,326)&(440.312,326.062)
(434.562,397.312)&(432.312,397.625)
(352.938,255.125)&(358.625,254.438)
(327.188,29.1875)&(332.5,29.1875)
(949.188,744.875)&(944.25,745.125)
(455.812,112.062)&(452.625,112.062)
(586.312,214.938)&(581.125,214.812)
(941.5,250.562)&(937.125,251.062)
(295.125,355.75)&(295.938,355.75)
(156.5,708.25)&(159.125,708.25)
(275.875,90)&(276.375,89.625)
(699.125,666.562)&(693.688,666.375)
(629.312,154.938)&(629.562,154.625)
(427.75,172.75)&(431.812,172.5)
(652.062,507.5)&(652.812,507.938)
(398.5,27.4375)&(396.625,27.5625)
(562.25,723.25)&(563.062,723.375)
(597.562,858.938)&(598.875,858.812)
(687.562,480.125)&(681.125,479.938)
(439,882.562)&(442.188,883.312)
(692.812,666.938)&(685.875,667.25)
(744.875,515.625)&(743.562,516.375)
(157.5,859.25)&(166.438,858.938)
(670.062,494.562)&(663.812,495)
(239.688,25.5)&(240.812,25.75)
(677.562,576.875)&(671.375,576.625)
(550.625,437.312)&(546.875,437.812)
(403.562,268.75)&(402.062,268.938)
(798.125,490.25)&(790,490.188)
(658.062,530.875)&(652.062,531.062)
(330.938,464.375)&(330.5,464.062)
(462.875,684.312)&(460.688,683.938)
(467.125,45.3125)&(469.875,45.125)
(399,106.438)&(397.5,106.562)
(888.062,811.125)&(884.625,811.188)
(442.625,65.1875)&(440.188,65.125)
(764.125,312.375)&(756.375,312.062)
(679.562,112.875)&(673.375,112.812)
(460.25,857.75)&(463.5,857.625)
(727.75,39.1875)&(721.812,33.6875)
(490.062,990.188)&(492.75,990.438)
(632.875,326.625)&(627.375,326.688)
(298.625,389.5)&(299.312,390.25)
(869.062,580.938)&(861.062,583.188)
(550.25,510.062)&(546.812,509)
(295.125,355.75)&(295.938,355.75)
(608.875,14.8125)&(611.5,12.5)
#