47 46
(675.062,479.562)&(681.125,479.938)
(295,354.625)&(295.938,355.75)
(295,354.625)&(295.938,355.75)
(161.125,708.438)&(159.125,708.25)
(437.438,326)&(440.312,326.062)
(544.875,507.625)&(546.812,509)
(931.625,250.75)&(937.125,251.062)
(440.375,305)&(436.188,305.25)
(499.375,575.25)&(495.5,575.688)
(686.875,507.188)&(694.375,506.062)
(939.688,745.062)&(944.25,745.125)
(445.938,883.188)&(442.188,883.312)
(630,154.375)&(629.562,154.625)
(653.688,508.062)&(652.812,507.938)
(599.875,859.375)&(598.875,858.812)
(395.75,106.375)&(397.5,106.562)
(576.125,214.75)&(581.125,214.812)
(277.5,89.6875)&(276.375,89.625)
(450,112.188)&(452.625,112.062)
(686.875,666.312)&(693.688,666.375)
(458.625,684)&(460.688,683.938)
(430.5,397.875)&(432.312,397.625)
(394.562,27)&(396.625,27.5625)
(400.312,268.875)&(402.062,268.938)
(781.375,490.5)&(790,490.188)
(741.938,516.562)&(743.562,516.375)
(175.062,858.875)&(166.438,858.938)
(299.312,390.312)&(299.312,390.25)
(565.438,723)&(563.062,723.375)
(665.062,576.562)&(671.375,576.625)
(235.875,661.5)&(233.938,660.688)
(437.812,64.875)&(440.188,65.125)
(472.562,45.0625)&(469.875,45.125)
(466.688,857.562)&(463.5,857.625)
(542.5,438.062)&(546.875,437.812)
(675.062,479.562)&(681.125,479.938)
(646.625,530.875)&(652.062,531.062)
(495.75,990.562)&(492.75,990.438)
(363,927.562)&(363.688,927.688)
(667.062,112.875)&(673.375,112.812)
(621.812,326.438)&(627.375,326.688)
(330.312,464.188)&(330.5,464.062)
(848.688,580.125)&(861.062,583.188)
(598.25,15.8125)&(611.5,12.5)
(848.562,579.812)&(861.062,583.188)
(364.062,254.062)&(358.625,254.438)
(436,172)&(431.812,172.5)
(713.5,39.4375)&(721.812,33.6875)
(337.938,28.8125)&(332.5,29.1875)
#