47 48
(675.062,479.562)&(668.375,480.25)
(848.688,580.125)&(839.562,580.312)
(295,354.625)&(295.188,354.312)
(295,354.625)&(295.188,354.312)
(161.125,708.438)&(164.188,708.625)
(848.562,579.812)&(839.562,580.312)
(437.438,326)&(435.5,326.125)
(544.875,507.625)&(542.625,506.375)
(931.625,250.75)&(926.312,250.75)
(440.375,305)&(444.312,304.938)
(364.062,254.062)&(369.062,254.812)
(499.375,575.25)&(502.438,575.062)
(686.875,507.188)&(679.75,507.688)
(939.688,745.062)&(934.812,745.25)
(445.938,883.188)&(450.312,883.438)
(630,154.375)&(630.688,154.625)
(653.688,508.062)&(654.188,508.188)
(599.875,859.375)&(600.75,859.875)
(395.75,106.375)&(393.438,105.875)
(576.125,214.75)&(571.5,214.688)
(450,112.188)&(447.688,112.25)
(436,172)&(439.688,171.938)
(458.625,684)&(456.062,684.125)
(713.5,39.4375)&(705.688,39)
(337.938,28.8125)&(344,29.0625)
(430.5,397.875)&(428.875,397.562)
(394.562,27)&(391.938,27.125)
(400.312,268.875)&(397.812,268.25)
(781.375,490.5)&(773.25,490.062)
(741.938,516.562)&(740.875,516.812)
(175.062,858.875)&(184.188,858.938)
(299.312,390.312)&(300.688,390.875)
(565.438,723)&(567.812,722.938)
(665.062,576.562)&(658.875,576.75)
(235.875,661.5)&(237.5,660.688)
(437.812,64.875)&(435.062,64.4375)
(472.562,45.0625)&(475.438,45)
(466.688,857.562)&(470.562,857.438)
(542.5,438.062)&(538.125,438)
(675.062,479.562)&(668.375,480.25)
(646.625,530.875)&(640.375,530.938)
(495.75,990.562)&(498.625,990.562)
(363,927.562)&(362.562,928)
(667.062,112.875)&(659.875,113.188)
(621.812,326.438)&(616.188,326.688)
(330.312,464.188)&(330.25,463.938)
(161.125,708.438)&(164.188,708.625)
(295,354.625)&(295.188,354.312)
(295,354.625)&(295.188,354.312)
(848.688,580.125)&(839.562,580.312)
(686.875,666.312)&(675,667.125)
#