48 49
(295.188,354.312)&(296.125,354.188)
(1013.25,209.25)&(1005.25,208.5)
(1013.44,506.562)&(1005.94,506.5)
(926.312,250.75)&(920.062,250.625)
(164.188,708.625)&(170.25,711.25)
(295.188,354.312)&(296.125,354.188)
(450.312,883.438)&(454.938,883.438)
(456.062,684.125)&(453.312,684.125)
(590.312,862.188)&(592.25,863.312)
(679.75,507.688)&(673.5,507.312)
(444.312,304.938)&(448.562,304.75)
(600.75,859.875)&(601.812,859.875)
(393.438,105.875)&(392.375,105.938)
(237.5,660.688)&(239.438,660.375)
(567.812,722.938)&(569.625,722.75)
(1013.25,209.25)&(1005.25,208.5)
(675,667.125)&(668.938,666.75)
(502.438,575.062)&(505.438,575.312)
(839.562,580.312)&(831.125,582.562)
(542.625,506.375)&(538.312,507.25)
(630.688,154.625)&(630.625,154.062)
(934.812,745.25)&(929.25,745.062)
(435.5,326.125)&(433.938,326.062)
(300.688,390.875)&(301,390.188)
(654.188,508.188)&(653.625,508.375)
(447.688,112.25)&(445.5,111.938)
(184.188,858.938)&(194.438,858.75)
(739.375,312)&(731.188,312.25)
(773.25,490.062)&(764.188,489.938)
(571.5,214.688)&(566.562,214.562)
(428.875,397.562)&(426.938,397.812)
(330.25,463.938)&(329.938,463.938)
(435.062,64.4375)&(432.812,64.375)
(397.812,268.25)&(396.625,268.438)
(740.875,516.812)&(738.438,516.625)
(705.688,39)&(698,36.75)
(538.125,438)&(534.312,438.062)
(470.562,857.438)&(474.562,857.5)
(675,667.125)&(668.938,666.75)
(640.375,530.938)&(633.75,530.625)
(362.562,928)&(362.625,928.25)
(391.938,27.125)&(390.5,26.8125)
(658.875,576.75)&(653.125,576.688)
(498.625,990.562)&(502.188,990.188)
(616.188,326.688)&(610.562,326.75)
(659.875,113.188)&(653.188,113.312)
(18.8125,537.875)&(29.6875,543.812)
(18.8125,537.875)&(29.6875,543.812)
(369.062,254.812)&(375.625,253.812)
(439.688,171.938)&(444,171.875)
(344,29.0625)&(349.875,29.3125)
(475.438,45)&(478.812,45.3125)
#