49 50
(569.625,722.75)&(571.938,722.312)
(15.125,613.625)&(24.625,613.5)
(1005.25,208.5)&(996.75,208.438)
(296.125,354.188)&(299.062,356.438)
(538.312,507.25)&(534.75,507.25)
(1005.94,506.5)&(998,506.812)
(14.375,711.312)&(21.75,711.188)
(920.062,250.625)&(913.938,250.875)
(296.125,354.188)&(299.062,356.438)
(453.312,684.125)&(450.688,683.688)
(170.25,711.25)&(172.312,709.25)
(239.438,660.375)&(241.688,660.438)
(375.625,253.812)&(377.812,257.562)
(587.25,14.6875)&(582.75,12.4375)
(454.938,883.438)&(459.625,883.375)
(1005.25,208.5)&(996.75,208.438)
(538.312,507.25)&(534.75,507.25)
(673.5,507.312)&(665.688,506.562)
(301,390.188)&(301.812,390)
(392.375,105.938)&(390.5,106.188)
(433.938,326.062)&(431.562,326.062)
(505.438,575.312)&(508.438,574.875)
(569.625,722.75)&(571.938,722.312)
(764.188,489.938)&(754.812,490.25)
(444,171.875)&(448.062,172)
(630.625,154.062)&(629.688,153.625)
(426.938,397.812)&(424.875,397.688)
(633.75,530.625)&(627.875,530.812)
(445.5,111.938)&(442.688,112)
(592.25,863.312)&(593.375,863.438)
(329.938,463.938)&(330.688,464.188)
(566.562,214.562)&(561.375,215.188)
(698,36.75)&(689.688,38.9375)
(194.438,858.75)&(204.188,858.5)
(644.562,494.5)&(638.125,494.812)
(929.25,745.062)&(922.75,744.875)
(390.5,26.8125)&(389.75,26.875)
(474.562,857.5)&(478.812,857.312)
(432.812,64.375)&(430.562,64.1875)
(362.625,928.25)&(362.312,927.938)
(610.562,326.75)&(604.375,326.875)
(871.5,811.062)&(866.312,811)
(738.438,516.625)&(736.125,516.562)
(653.125,576.688)&(646.688,576.625)
(653.188,113.312)&(646.562,113.25)
(502.188,990.188)&(505.438,990.25)
(731.188,312.25)&(722.438,311.75)
(534.312,438.062)&(530.062,438.5)
(448.562,304.75)&(453.25,304.375)
(831.125,582.562)&(819,582.188)
(96,612)&(108.375,611.75)
(29.6875,543.812)&(44.25,539.688)
(478.812,45.3125)&(482,45.5625)
(349.875,29.3125)&(355.688,29.4375)
(668.938,666.75)&(660.188,666.75)
#