5 6
(836.625,577.75)&(846.5,578)
(388.312,882.75)&(386.188,883)
(137.312,616.125)&(123.5,615.812)
(836.75,578.125)&(846.5,578)
(402.938,857.25)&(401.438,857.562)
(836.625,577.75)&(846.5,578)
(677.625,808.75)&(689.688,808.938)
(473.625,356.875)&(466.812,356.312)
(898.062,791.625)&(920.125,791.812)
(712,574.5)&(715.312,573.688)
(484.75,862.688)&(488.812,862.312)
(439.688,29.0625)&(430.562,28.875)
(715.062,742.188)&(729.438,742.25)
(714.875,112.375)&(720.062,112.5)
(464.75,722.188)&(466.312,722.438)
(790.5,487.75)&(799,488.312)
(494.812,464.25)&(488.562,464.875)
(635.125,507.5)&(635.062,506.562)
(686.188,325.062)&(689.5,324.812)
(559.125,397.562)&(556.688,398.062)
(633.062,437.312)&(633.438,437.125)
(208.562,860.562)&(198.938,860.312)
(565.125,325.625)&(562.188,325.75)
(728.188,503.062)&(733.812,503.188)
(349.25,160.812)&(336.812,160.812)
(428,988.688)&(427.812,988.75)
(770.062,309.875)&(777,309.75)
(658.75,214)&(660.25,214.438)
(94.625,540.25)&(79.125,539.875)
(569.25,65.4375)&(566.625,65.1875)
(577.125,113.125)&(575.188,113.438)
(465.5,92.75)&(457,92.8125)
(723.188,663.875)&(728.25,664.062)
(475.125,390.75)&(468,390.75)
(544.75,28)&(540.188,27.9375)
(719.562,478.812)&(724.375,478.75)
(36.5625,708.5)&(18,708.375)
(135.125,244.812)&(111.938,245)
(159.75,481.438)&(146.625,481.25)
(35.875,854.875)&(16.5,854.75)
(227.75,135.438)&(209.625,135.25)
(212.938,161.25)&(193.75,160.812)
(871.688,515)&(892.5,514.875)
(912.938,433)&(935.375,432.562)
(382,707.938)&(370.75,708.062)
(434,661)&(424.125,661.125)
(801.375,448.125)&(819.062,448.875)
(382.938,307.812)&(380.75,307.438)
(578.188,682.438)&(576.125,683.062)
(277.5,712.438)&(260.812,712.5)
(770.688,207.062)&(787.875,209.5)
(787.938,265.188)&(804.938,264.938)
(335.125,257)&(330.25,257.5)
(713.625,250.812)&(727.75,250.312)
(324.75,33.375)&(319.875,33.5)
(268.5,548.375)&(250.75,549.125)
(587.625,517.312)&(594.875,517.312)
(415.75,48.4375)&(414.875,48.375)
(515.375,156.062)&(519,155.625)
(190.438,490)&(169.562,490.75)
(224.062,528.562)&(205,528.062)
(387.188,176.125)&(385,176)
(512.625,925.5)&(507.5,925.562)
(270.25,504.375)&(253.062,504.25)
(220.625,935.125)&(201.875,935.188)
(402.938,857.25)&(401.438,857.562)
(836.75,578.125)&(846.5,578)
(137.312,616.125)&(123.5,615.812)
(388.312,882.75)&(386.188,883)
(279.938,448.25)&(266.5,457.625)
(419.375,576.25)&(419.875,576.062)
(279.938,448.25)&(266.5,457.625)
(419.375,576.25)&(419.875,576.062)
#