51 50
(573.25,722.688)&(571.938,722.312)
(37.875,613.5)&(24.625,613.5)
(987.938,208.5)&(996.75,208.438)
(576.438,15.8125)&(582.75,12.4375)
(29.125,711.5)&(21.75,711.188)
(988.938,506.812)&(998,506.812)
(511.375,574.875)&(508.438,574.875)
(576.438,15.8125)&(582.75,12.4375)
(300.375,356.5)&(299.062,356.438)
(244.75,660.375)&(241.688,660.438)
(448.625,683.812)&(450.688,683.688)
(531.188,507)&(534.75,507.25)
(177.375,708.75)&(172.312,709.25)
(808.062,582.75)&(819,582.188)
(987.938,208.5)&(996.75,208.438)
(17.5625,546.562)&(9.375,546.5)
(906.812,250.875)&(913.938,250.875)
(387.688,26.6875)&(389.75,26.875)
(213.938,858.438)&(204.188,858.5)
(429.438,325.875)&(431.562,326.062)
(573.25,722.688)&(571.938,722.312)
(594,863)&(593.375,863.438)
(362.312,928.062)&(362.312,927.938)
(422.812,397.75)&(424.875,397.688)
(428.312,63.875)&(430.562,64.1875)
(861.125,811.438)&(866.312,811)
(681.562,39)&(689.688,38.9375)
(440.125,111.812)&(442.688,112)
(653.688,666.75)&(660.188,666.75)
(733.312,515.875)&(736.125,516.562)
(464.125,882.938)&(459.625,883.375)
(598.188,326.812)&(604.375,326.875)
(646.938,481)&(654.125,480.938)
(556.25,215.188)&(561.375,215.188)
(389.562,105.875)&(390.5,106.188)
(621.938,530.875)&(627.875,530.812)
(482.75,857.188)&(478.812,857.312)
(640.062,113)&(646.562,113.25)
(916,745.125)&(922.75,744.875)
(713.312,311.875)&(722.438,311.75)
(745.375,490.25)&(754.812,490.25)
(331.438,464.438)&(330.688,464.188)
(525.688,438.312)&(530.062,438.5)
(508.75,990.25)&(505.438,990.25)
(120.75,611.625)&(108.375,611.75)
(457.562,303.875)&(453.25,304.375)
(361.625,28.625)&(355.688,29.4375)
(629.875,153.688)&(629.688,153.625)
(58.5625,535.125)&(44.25,539.688)
(452.062,172.125)&(448.062,172)
(384.312,256.938)&(377.812,257.562)
(656.375,507.062)&(665.688,506.562)
(485.625,45)&(482,45.5625)
#