51 52
(42.9375,579.125)&(49.3125,579.125)
(573.25,722.688)&(575.062,722.625)
(37.875,613.5)&(51.125,613.062)
(987.938,208.5)&(977.75,208.062)
(576.438,15.8125)&(570.5,14.625)
(29.125,711.5)&(38.125,711.062)
(603.188,860.75)&(603.938,861.188)
(988.938,506.812)&(979.5,506.812)
(511.375,574.875)&(515,574.875)
(576.438,15.8125)&(570.5,14.625)
(300.375,356.5)&(300.688,355.625)
(244.75,660.375)&(248,660.75)
(448.625,683.812)&(446.812,684.125)
(531.188,507)&(526.25,507.75)
(177.375,708.75)&(182.188,708.625)
(629.875,153.688)&(629.875,153.812)
(808.062,582.75)&(797.125,583.5)
(987.938,208.5)&(977.75,208.062)
(17.5625,546.562)&(26.4375,546.562)
(906.812,250.875)&(899.625,250.625)
(387.688,26.6875)&(386.812,26.4375)
(1014.44,266.562)&(1003.44,266.25)
(213.938,858.438)&(225.125,858.312)
(429.438,325.875)&(427.75,325.562)
(573.25,722.688)&(575.062,722.625)
(656.375,507.062)&(651.875,507)
(594,863)&(595,862.125)
(362.312,928.062)&(362.625,927.938)
(422.812,397.75)&(421.375,397.812)
(428.312,63.875)&(426.125,64)
(861.125,811.438)&(855.375,811.5)
(681.562,39)&(673.062,39.0625)
(440.125,111.812)&(437.375,111.75)
(653.688,666.75)&(649.625,666.812)
(733.312,515.875)&(730.562,516.188)
(464.125,882.938)&(468.25,883.312)
(598.188,326.812)&(592.812,326.5)
(646.938,481)&(639.938,481.125)
(556.25,215.188)&(551.5,214.938)
(389.562,105.875)&(389.312,105.5)
(621.938,530.875)&(615.125,530.562)
(482.75,857.188)&(486.312,857.5)
(640.062,113)&(632.375,113)
(916,745.125)&(908.25,745.25)
(713.312,311.875)&(704.938,312)
(745.375,490.25)&(735.438,490.438)
(331.438,464.438)&(332.375,464.438)
(525.688,438.312)&(521.25,438.375)
(508.75,990.25)&(511.562,990.375)
(120.75,611.625)&(134.75,611.438)
(457.562,303.875)&(462.5,304.188)
(361.625,28.625)&(368.188,28.5)
(58.5625,535.125)&(74.0625,535.062)
(452.062,172.125)&(456.688,172.062)
(384.312,256.938)&(393.875,253.438)
(485.625,45)&(488.688,45.0625)
#