53 52
(576.5,722.375)&(575.062,722.625)
(967.625,207.812)&(977.75,208.062)
(785.625,583.875)&(797.125,583.5)
(970.188,507.062)&(979.5,506.812)
(187.125,709.688)&(182.188,708.625)
(576.5,722.375)&(575.062,722.625)
(47.1875,711.062)&(38.125,711.062)
(445.188,684.062)&(446.812,684.125)
(992.688,266.625)&(1003.44,266.25)
(647.562,506.312)&(651.875,507)
(518.188,574.438)&(515,574.875)
(891.438,250.438)&(899.625,250.625)
(565,15.25)&(570.5,14.625)
(251.812,660.625)&(248,660.75)
(785.812,584.188)&(797.125,583.5)
(967.625,207.812)&(977.75,208.062)
(388.188,105.312)&(389.312,105.5)
(333.062,464.188)&(332.375,464.438)
(520.875,508)&(526.25,507.75)
(426.25,325.75)&(427.75,325.562)
(618.5,495.562)&(624.938,495.312)
(435.375,111.875)&(437.375,111.75)
(419.938,398.125)&(421.375,397.812)
(629.375,153.688)&(629.875,153.812)
(363.125,928)&(362.625,927.938)
(595.938,862.75)&(595,862.125)
(472.375,883.062)&(468.25,883.312)
(633.125,481.062)&(639.938,481.125)
(695.75,311.812)&(704.938,312)
(301.562,354.75)&(300.688,355.625)
(727.312,516.188)&(730.562,516.188)
(36,545.688)&(26.4375,546.562)
(305.812,389.875)&(304.75,389.938)
(424.25,64.1875)&(426.125,64)
(586.438,326.5)&(592.812,326.5)
(546.188,214.75)&(551.5,214.938)
(490.062,857.625)&(486.312,857.5)
(608.625,531)&(615.125,530.562)
(900.312,745.438)&(908.25,745.25)
(624.938,577.062)&(631.812,576.688)
(664.5,39.25)&(673.062,39.0625)
(623.938,113.188)&(632.375,113)
(284.625,89.625)&(283,89.625)
(517.125,438.25)&(521.25,438.375)
(725.062,491)&(735.438,490.438)
(850,811.312)&(855.375,811.5)
(514.5,990.438)&(511.562,990.375)
(43.6875,501.312)&(34.375,501.5)
(69.5,578.375)&(49.3125,579.125)
(147.812,611.125)&(134.75,611.438)
(88.25,540.625)&(74.0625,535.062)
(400,252.875)&(393.875,253.438)
(467.312,304.25)&(462.5,304.188)
(460.75,171.625)&(456.688,172.062)
(639.25,666.938)&(649.625,666.812)
(491.562,44.875)&(488.688,45.0625)
#