53 54
(576.5,722.375)&(578.312,722.625)
(967.625,207.812)&(957.062,208.312)
(57.8125,657.625)&(73.1875,658)
(970.188,507.062)&(959.938,507.062)
(187.125,709.688)&(192.438,708.625)
(576.5,722.375)&(578.312,722.625)
(47.1875,711.062)&(57.1875,711.062)
(445.188,684.062)&(442.062,683.688)
(992.688,266.625)&(980.938,266.125)
(518.188,574.438)&(521.625,574.438)
(891.438,250.438)&(883.188,250.688)
(565,15.25)&(559.25,14.375)
(251.812,660.625)&(254.938,660.438)
(967.625,207.812)&(957.062,208.312)
(388.188,105.312)&(387,105.188)
(333.062,464.188)&(333.812,464)
(520.875,508)&(516,507.75)
(426.25,325.75)&(424.75,325.438)
(618.5,495.562)&(610.5,495.438)
(392.312,269.25)&(391.438,268.938)
(435.375,111.875)&(433.375,111.688)
(419.938,398.125)&(418.812,397.938)
(363.125,928)&(364.375,927.875)
(595.938,862.75)&(597.5,863.5)
(472.375,883.062)&(477.5,883.5)
(633.125,481.062)&(625.688,481.25)
(695.75,311.812)&(685.25,311.812)
(301.562,354.75)&(304.188,355.688)
(727.312,516.188)&(723.875,515.75)
(36,545.688)&(46,545.625)
(424.25,64.1875)&(422.25,64.3125)
(639.25,666.938)&(632.25,667.125)
(586.438,326.5)&(579.812,326.5)
(546.188,214.75)&(540.812,214.812)
(900.312,745.438)&(891.75,745.312)
(624.938,577.062)&(618.25,577.312)
(664.5,39.25)&(656.125,39.375)
(623.938,113.188)&(616.625,112.812)
(517.125,438.25)&(512.562,438.125)
(725.062,491)&(714.562,490.75)
(850,811.312)&(843.375,811.312)
(514.5,990.438)&(517.438,990.438)
(785.625,583.875)&(772.438,581.938)
(147.812,611.125)&(162.062,610.625)
(647.562,506.312)&(636.188,506.812)
(88.25,540.625)&(104.25,542.625)
(400,252.875)&(405.688,253.188)
(785.812,584.188)&(772.438,581.938)
(467.312,304.25)&(471.562,304.5)
(629.375,153.688)&(629,153.812)
(460.75,171.625)&(465.188,171.875)
(491.562,44.875)&(494.625,44.5)
#