55 54
(946.062,208.5)&(957.062,208.312)
(579.438,722.625)&(578.312,722.625)
(87.125,657.938)&(73.1875,658)
(440.188,684.062)&(442.062,683.688)
(990.562,451.5)&(1003.19,451.312)
(948.438,507)&(959.938,507.062)
(969.312,266.625)&(980.938,266.125)
(198.625,708.312)&(192.438,708.625)
(305.688,354.812)&(304.188,355.688)
(67.9375,710.875)&(57.1875,711.062)
(512.5,506.562)&(516,507.75)
(874.062,251)&(883.188,250.688)
(524.25,574.812)&(521.625,574.438)
(431.375,111.5)&(433.375,111.688)
(946.062,208.5)&(957.062,208.312)
(420.188,64)&(422.25,64.3125)
(259.188,660.5)&(254.938,660.438)
(417.75,397.625)&(418.812,397.938)
(629.625,505.438)&(636.188,506.812)
(305.688,354.812)&(304.188,355.688)
(599,862.375)&(597.5,863.5)
(603.938,495.062)&(610.5,495.438)
(422.938,325.188)&(424.75,325.438)
(365,928)&(364.375,927.875)
(648.688,507.438)&(650,507.5)
(481.938,883.125)&(477.5,883.5)
(579.438,722.625)&(578.312,722.625)
(57.375,546)&(46,545.625)
(624.5,666.938)&(632.25,667.125)
(646.438,39.75)&(656.125,39.375)
(882.125,745.438)&(891.75,745.312)
(390.688,268.125)&(391.438,268.938)
(610.438,577.062)&(618.25,577.312)
(552.25,14.3125)&(559.25,14.375)
(704.062,490.188)&(714.562,490.75)
(535.312,215)&(540.812,214.812)
(573.562,326.688)&(579.812,326.5)
(608.75,113.562)&(616.625,112.812)
(336.25,464)&(333.812,464)
(508.688,438.188)&(512.562,438.125)
(835.875,811.625)&(843.375,811.312)
(675.125,312.562)&(685.25,311.812)
(720.25,516.188)&(723.875,515.75)
(385.188,26.8125)&(383.312,27.3125)
(617.875,481.812)&(625.688,481.25)
(520.312,990)&(517.438,990.438)
(177.312,610.562)&(162.062,610.625)
(763.562,590.312)&(776.125,590.188)
(122.5,534.875)&(104.25,542.625)
(411.938,253.938)&(405.688,253.188)
(476.438,304.125)&(471.562,304.5)
(497.875,44.3125)&(494.625,44.5)
(260.688,858.062)&(249.062,858.312)
(627.812,153.75)&(629,153.812)
(469.375,172.062)&(465.188,171.875)
#