55 56
(946.062,208.5)&(933.812,208.062)
(579.438,722.625)&(581.125,722.5)
(440.188,684.062)&(438.625,683.625)
(990.562,451.5)&(977.25,451.438)
(948.438,507)&(936.25,506.812)
(969.312,266.625)&(956.438,266.438)
(198.625,708.312)&(205.812,709)
(305.688,354.812)&(308.75,355.312)
(67.9375,710.875)&(78.5625,710.625)
(512.5,506.562)&(508.375,506.5)
(874.062,251)&(864.375,250.938)
(524.25,574.812)&(527.5,574.312)
(431.375,111.5)&(429.438,111.25)
(946.062,208.5)&(933.812,208.062)
(420.188,64)&(418.875,63.75)
(259.188,660.5)&(263.375,660.125)
(417.75,397.625)&(416.25,398.25)
(305.688,354.812)&(308.75,355.312)
(411.938,253.938)&(417.438,253.688)
(599,862.375)&(598.312,863)
(603.938,495.062)&(596.438,494.625)
(422.938,325.188)&(421.312,325.188)
(648.688,507.438)&(648.25,508)
(481.938,883.125)&(486.438,882.875)
(260.688,858.062)&(272.312,857.688)
(579.438,722.625)&(581.125,722.5)
(498.312,857.812)&(502.812,857.562)
(627.812,153.75)&(626.312,153.75)
(57.375,546)&(68.125,545.562)
(624.5,666.938)&(618.938,666.875)
(646.438,39.75)&(637.5,39.4375)
(882.125,745.438)&(873.125,745.188)
(390.688,268.125)&(391.188,267.688)
(610.438,577.062)&(602.688,577.438)
(552.25,14.3125)&(546.75,15.4375)
(535.312,215)&(529.938,214.938)
(573.562,326.688)&(566.875,326.312)
(608.75,113.562)&(601.375,112.812)
(336.25,464)&(337.438,463.625)
(508.688,438.188)&(504.938,438.5)
(835.875,811.625)&(828.125,811.812)
(675.125,312.562)&(665.812,312.125)
(720.25,516.188)&(716.625,516.25)
(385.188,26.8125)&(383.75,25.8125)
(617.875,481.812)&(609.812,481.938)
(520.312,990)&(523.125,990.25)
(87.125,657.938)&(104.938,658.812)
(177.312,610.562)&(192.75,611.312)
(122.5,534.875)&(138.25,535.188)
(629.625,505.438)&(620.312,506.5)
(476.438,304.125)&(481.062,304.312)
(365,928)&(365.5,928.125)
(497.875,44.3125)&(501.125,44.375)
(704.062,490.188)&(693.25,490.062)
(469.375,172.062)&(473.875,171.75)
#