56 57
(581.125,722.5)&(582.562,722.625)
(438.625,683.625)&(437.25,683.75)
(546.75,15.4375)&(539.625,14.75)
(205.812,709)&(211.562,708.938)
(977.25,451.438)&(963.25,451.375)
(956.438,266.438)&(943.562,266.562)
(527.5,574.312)&(531.125,574.625)
(78.5625,710.625)&(90.3125,710)
(936.25,506.812)&(924.688,507.062)
(308.75,355.312)&(311,355.125)
(263.375,660.125)&(267.125,659.5)
(864.375,250.938)&(854.812,250.875)
(312.875,390.062)&(315.688,389.75)
(416.25,398.25)&(414.938,397.688)
(598.312,863)&(599.062,862.312)
(933.812,208.062)&(921.188,207.812)
(873.125,745.188)&(863.375,745.438)
(486.438,882.875)&(491.188,882.625)
(620.312,506.5)&(612.062,505.688)
(546.75,15.4375)&(539.625,14.75)
(617.5,877)&(617.5,876.875)
(418.875,63.75)&(417.312,63.625)
(308.75,355.312)&(311,355.125)
(272.312,857.688)&(285.438,857.688)
(359.625,997.5)&(369.062,998.312)
(256.688,28.9375)&(261.312,28.8125)
(421.312,325.188)&(420.062,325.125)
(429.438,111.25)&(427.875,111.375)
(337.438,463.625)&(339.062,463.938)
(502.812,857.562)&(506.688,857.312)
(566.875,326.312)&(560.125,326.375)
(383.75,25.8125)&(382.125,26)
(529.938,214.938)&(524.375,214.75)
(581.125,722.5)&(582.562,722.625)
(68.125,545.562)&(79.875,545.375)
(648.25,508)&(646.312,508.062)
(602.688,577.438)&(595.688,577.875)
(504.938,438.5)&(500.25,438.062)
(665.812,312.125)&(654.938,312)
(601.375,112.812)&(592.938,112.5)
(637.5,39.4375)&(627.938,39.125)
(391.188,267.688)&(389.75,267.625)
(828.125,811.812)&(819.812,812)
(596.438,494.625)&(588.75,494.125)
(523.125,990.25)&(525.812,990.375)
(716.625,516.25)&(712.562,516.125)
(618.938,666.875)&(608.312,667.062)
(395.562,27.5)&(402.25,27.375)
(192.75,611.312)&(208.125,611.25)
(997.125,485.062)&(974.312,485.25)
(417.438,253.688)&(423.875,254.562)
(138.25,535.188)&(155.5,536.25)
(626.312,153.75)&(625.375,153.5)
(481.062,304.312)&(485.688,304.188)
(971.438,824.375)&(949.812,824.625)
(563.812,128.125)&(564.75,128.625)
(618.938,666.875)&(608.312,667.062)
(501.125,44.375)&(504.5,44.125)
(365.5,928.125)&(367,928)
(693.25,490.062)&(682.5,490.438)
(609.812,481.938)&(601.5,481.438)
(473.875,171.75)&(478.562,171.5)
(200.812,476.188)&(215.625,476.312)
(977.25,451.438)&(963.25,451.375)
(205.812,709)&(211.562,708.938)
(546.75,15.4375)&(539.625,14.75)
(438.625,683.625)&(437.25,683.75)
(508.375,506.5)&(501.75,509.188)
(508.375,506.5)&(501.75,509.188)
(994.875,829.25)&(999.5,835.062)
#