57 58
(582.562,722.625)&(582.688,722.625)
(211.562,708.938)&(219.188,708.312)
(90.3125,710)&(102.312,709.562)
(924.688,507.062)&(912.188,506.625)
(437.25,683.75)&(435.375,683.125)
(211.562,708.938)&(219.188,708.312)
(943.562,266.562)&(930.438,267.188)
(267.125,659.5)&(272.375,660.812)
(963.25,451.375)&(948.625,451.25)
(339.062,463.938)&(340.562,463.688)
(531.125,574.625)&(534.312,574.812)
(414.938,397.688)&(414.062,397.562)
(501.75,509.188)&(497.375,509.938)
(921.188,207.812)&(908,207.562)
(417.312,63.625)&(415.5,63.6875)
(601.5,481.438)&(592.812,480.625)
(599.062,862.312)&(599.312,862.375)
(315.688,389.75)&(318.562,389)
(617.5,876.875)&(616.75,876.562)
(863.375,745.438)&(853.25,745.5)
(420.062,325.125)&(418.938,324.938)
(369.062,998.312)&(378.5,996.75)
(427.875,111.375)&(425.562,111.062)
(524.375,214.75)&(518.75,214.938)
(285.438,857.688)&(298.375,857.625)
(592.938,112.5)&(585.062,112.375)
(382.125,26)&(381.438,26)
(385,105.375)&(384.938,105.25)
(491.188,882.625)&(496.5,883.188)
(627.938,39.125)&(618,38.875)
(506.688,857.312)&(510.625,857.25)
(539.625,14.75)&(534.5,15.5625)
(588.75,494.125)&(580.5,494.438)
(582.562,722.625)&(582.688,722.625)
(261.312,28.8125)&(266.875,28.375)
(646.312,508.062)&(644.5,507.688)
(79.875,545.375)&(92.4375,545.312)
(389.75,267.625)&(389.875,267.438)
(854.812,250.875)&(844.625,250.938)
(560.125,326.375)&(553.188,325.938)
(500.25,438.062)&(496.375,437.812)
(654.938,312)&(644.438,312.438)
(311,355.125)&(314.812,354.812)
(819.812,812)&(811.188,811.875)
(525.812,990.375)&(528.688,990.125)
(712.562,516.125)&(708.438,516.125)
(87.0625,500.438)&(98.5625,500.125)
(30.8125,524.5)&(44.875,524.312)
(612.062,505.688)&(602.188,507.125)
(423.875,254.562)&(433.375,253)
(998.875,289.25)&(973.375,289.5)
(485.688,304.188)&(490.75,303.812)
(608.312,667.062)&(599.812,667.312)
(402.25,27.375)&(410.25,27.125)
(208.125,611.25)&(222.812,610.938)
(625.375,153.5)&(624.562,153.625)
(974.312,485.25)&(950.375,485.312)
(155.5,536.25)&(174.375,533.75)
(732.875,580.812)&(719.062,581.812)
(595.688,577.875)&(587.188,577.312)
(564.75,128.625)&(565.375,128.75)
(367,928)&(367.875,927.688)
(682.5,490.438)&(670.375,490.625)
(949.812,824.625)&(928.062,824.812)
(504.5,44.125)&(507.25,43.8125)
(478.562,171.5)&(482.875,171.438)
(215.625,476.312)&(230.062,475.875)
(66.125,850.438)&(86.75,850.188)
#