59 58
(934.688,451.625)&(948.625,451.25)
(899.375,507.25)&(912.188,506.625)
(114,709.812)&(102.312,709.562)
(434.125,683.188)&(435.375,683.125)
(572.688,494.688)&(580.5,494.438)
(916,266.75)&(930.438,267.188)
(833.375,250.688)&(844.625,250.938)
(389.5,267.188)&(389.875,267.438)
(277.312,660.625)&(272.375,660.812)
(895.375,208.375)&(908,207.562)
(583.375,722.438)&(582.688,722.625)
(843.312,745.688)&(853.25,745.5)
(226.625,707.312)&(219.188,708.312)
(369.562,927.938)&(367.875,927.688)
(492.5,510.375)&(497.375,509.938)
(580.062,577.188)&(587.188,577.312)
(423.188,110.688)&(425.562,111.062)
(413.438,397.875)&(414.062,397.562)
(343.312,463.438)&(340.562,463.688)
(600.562,863.375)&(599.312,862.375)
(584.562,480.562)&(592.812,480.625)
(271.062,28.125)&(266.875,28.375)
(387.688,997.938)&(378.5,996.75)
(512.75,214.875)&(518.75,214.938)
(500.75,882.875)&(496.5,883.188)
(608.562,38.6875)&(618,38.875)
(318.188,355.312)&(314.812,354.812)
(417.75,325.562)&(418.938,324.938)
(565.562,530.625)&(573.125,530.25)
(801.812,811.75)&(811.188,811.875)
(593.562,667.125)&(599.812,667.312)
(527.25,15.625)&(534.5,15.5625)
(514.688,857.062)&(510.625,857.25)
(546.5,325.875)&(553.188,325.938)
(576.938,112.125)&(585.062,112.375)
(382.375,25.5625)&(381.438,26)
(593.812,506.688)&(602.188,507.125)
(658.938,490.5)&(670.375,490.625)
(532.312,990.312)&(528.688,990.125)
(413.812,63.375)&(415.5,63.6875)
(492.062,437.562)&(496.375,437.812)
(633.812,312.375)&(644.438,312.438)
(105.125,545.562)&(92.4375,545.312)
(703.812,516.375)&(708.438,516.125)
(59.5625,524.062)&(44.875,524.312)
(949.5,289.125)&(973.375,289.5)
(440.125,252.938)&(433.375,253)
(536.938,574.25)&(534.312,574.812)
(495,303.75)&(490.75,303.812)
(440.125,252.938)&(433.375,253)
(926.5,485.312)&(950.375,485.312)
(311.125,856.938)&(298.375,857.625)
(510.75,43.8125)&(507.25,43.8125)
(643.062,507.25)&(644.5,507.688)
(239.562,611.312)&(222.812,610.938)
(417.375,27.375)&(410.25,27.125)
(623.5,153.938)&(624.562,153.625)
(192.562,532.938)&(174.375,533.75)
(706.25,582.062)&(719.062,581.812)
(905.062,825.375)&(928.062,824.812)
(487.438,171.062)&(482.875,171.438)
(245.125,475.688)&(230.062,475.875)
(572.688,494.688)&(580.5,494.438)
(434.125,683.188)&(435.375,683.125)
(114,709.812)&(102.312,709.562)
(899.375,507.25)&(912.188,506.625)
(126.25,444.25)&(115.25,453.312)
(126.25,444.25)&(115.25,453.312)
#