59 60
(934.688,451.625)&(918.938,451.438)
(899.375,507.25)&(885.562,506.625)
(114,709.812)&(127.625,709.875)
(434.125,683.188)&(432.312,683.312)
(572.688,494.688)&(565,494.625)
(916,266.75)&(900.688,266.812)
(833.375,250.688)&(822.75,251.062)
(389.5,267.188)&(389.562,267.5)
(277.312,660.625)&(282.875,659.062)
(895.375,208.375)&(881.5,208.438)
(843.312,745.688)&(832.188,745.5)
(226.625,707.312)&(234.5,707.562)
(1003.69,518.812)&(985.312,518.25)
(369.562,927.938)&(371.188,927.562)
(492.5,510.375)&(488.375,510.625)
(580.062,577.188)&(571.625,577.688)
(423.188,110.688)&(422.188,110.688)
(413.438,397.875)&(412.812,397.188)
(343.312,463.438)&(345.812,463.312)
(600.562,863.375)&(599.875,863)
(584.562,480.562)&(576.188,480.75)
(387.688,997.938)&(398.312,997.625)
(643.062,507.25)&(640.812,506.938)
(512.75,214.875)&(507.938,215)
(500.75,882.875)&(505.438,883.125)
(608.562,38.6875)&(598.25,38.9375)
(318.188,355.312)&(321.188,354.625)
(300.875,88.375)&(305.25,88.3125)
(417.75,325.562)&(416.812,325.062)
(565.562,530.625)&(558.75,530.125)
(801.812,811.75)&(792.938,811.875)
(593.562,667.125)&(586.438,667.125)
(527.25,15.625)&(520.688,12.8125)
(514.688,857.062)&(518.5,857.125)
(546.5,325.875)&(539.875,326.25)
(576.938,112.125)&(568.375,112.312)
(382.375,25.5625)&(382.188,24.75)
(593.812,506.688)&(585.562,506.75)
(658.938,490.5)&(647.812,491.25)
(532.312,990.312)&(535.875,990.125)
(413.812,63.375)&(413,63.4375)
(492.062,437.562)&(487.812,437.25)
(633.812,312.375)&(622.688,311.125)
(105.125,545.562)&(118.312,544.812)
(703.812,516.375)&(698.688,516.125)
(126.25,444.25)&(138.875,443.438)
(59.5625,524.062)&(75.1875,524.375)
(949.5,289.125)&(923.562,289.375)
(440.125,252.938)&(447.188,252.188)
(583.375,722.438)&(585.75,722.312)
(536.938,574.25)&(540.375,574.875)
(495,303.75)&(499.875,304.125)
(440.125,252.938)&(447.188,252.188)
(926.5,485.312)&(901.688,485.375)
(311.125,856.938)&(324.188,857)
(510.75,43.8125)&(514.062,43.125)
(962.938,902.688)&(936.625,903.062)
(239.562,611.312)&(256.688,611.062)
(417.375,27.375)&(424.438,26.625)
(623.5,153.938)&(622.062,153.375)
(192.562,532.938)&(210.625,533.062)
(706.25,582.062)&(692.75,582.625)
(905.062,825.375)&(881.875,824.938)
(487.438,171.062)&(492,170.938)
(245.125,475.688)&(261.812,475.062)
(572.688,494.688)&(565,494.625)
(434.125,683.188)&(432.312,683.312)
(114,709.812)&(127.625,709.875)
(899.375,507.25)&(885.562,506.625)
(271.062,28.125)&(280.5,24.3125)
(271.062,28.125)&(280.5,24.3125)
#