7 6
(482.188,465.125)&(488.562,464.875)
(384.875,882.875)&(386.188,883)
(856.062,578.062)&(846.5,578)
(490.375,861.188)&(488.812,862.312)
(574,683.062)&(576.125,683.062)
(784.562,309.5)&(777,309.75)
(415.438,660.875)&(424.125,661.125)
(716.562,493.375)&(711.5,492.625)
(742.5,742.75)&(729.438,742.25)
(535.688,268.75)&(539.25,268.75)
(422.25,28.6875)&(430.562,28.875)
(400.375,857.562)&(401.438,857.562)
(706.75,528.562)&(702.438,527.938)
(720.812,573.688)&(715.312,573.688)
(805.562,488.062)&(799,488.312)
(536.25,27.75)&(540.188,27.9375)
(633.188,436.938)&(633.438,437.125)
(559.188,326.375)&(562.188,325.75)
(468.25,722.25)&(466.312,722.438)
(856.062,578.062)&(846.5,578)
(236.875,503.5)&(253.062,504.25)
(552.875,398)&(556.688,398.062)
(63.875,540.25)&(79.125,539.875)
(234.438,548.812)&(250.75,549.125)
(186.312,528.438)&(205,528.062)
(323.812,161.125)&(336.812,160.812)
(728.125,479.188)&(724.375,478.75)
(189.25,860)&(198.938,860.312)
(563.688,65.375)&(566.625,65.1875)
(724.25,112)&(720.062,112.5)
(459.5,356.375)&(466.812,356.312)
(691.938,325.375)&(689.5,324.812)
(661.812,214.5)&(660.25,214.438)
(701.375,808.875)&(689.688,808.938)
(636,506.5)&(635.062,506.562)
(942.625,792)&(920.125,791.812)
(572.562,113.5)&(575.188,113.438)
(427.812,988.875)&(427.812,988.75)
(737.75,504.188)&(733.812,503.188)
(533.875,106.875)&(537,107)
(449,92.5625)&(457,92.8125)
(732.188,664.188)&(728.25,664.062)
(90.5625,244.375)&(111.938,245)
(149.562,492.062)&(169.562,490.75)
(133.812,481.312)&(146.625,481.25)
(191.625,135.312)&(209.625,135.25)
(836.625,449)&(819.062,448.875)
(958.75,432.75)&(935.375,432.562)
(822.188,264.375)&(804.938,264.938)
(797.562,505.812)&(782.375,505.875)
(244.125,712.75)&(260.812,712.5)
(359,708.688)&(370.75,708.062)
(324.188,259.875)&(330.25,257.5)
(379.625,307.625)&(380.75,307.438)
(912.812,515.188)&(892.5,514.875)
(414.125,48.0625)&(414.875,48.375)
(804.938,208.188)&(787.875,209.5)
(470.875,130.938)&(469.625,131.062)
(420.062,576.125)&(419.875,576.062)
(523.125,155.562)&(519,155.625)
(741.125,250.188)&(727.75,250.312)
(602.75,517.375)&(594.875,517.312)
(314.938,33.5)&(319.875,33.5)
(383.25,175.688)&(385,176)
(502.188,926.125)&(507.5,925.562)
(184,935.438)&(201.875,935.188)
(574,683.062)&(576.125,683.062)
(490.375,861.188)&(488.812,862.312)
(856.062,578.062)&(846.5,578)
(384.875,882.875)&(386.188,883)
(246.438,447.5)&(266.5,457.625)
(110.812,615.812)&(123.5,615.812)
(246.438,447.5)&(266.5,457.625)
(110.812,615.812)&(123.5,615.812)
#