61 60
(871.812,506.875)&(885.562,506.625)
(515.25,11.6875)&(520.688,12.8125)
(886,267.125)&(900.688,266.812)
(139.938,709.625)&(127.625,709.875)
(415.938,325.375)&(416.812,325.062)
(430.938,683.875)&(432.312,683.312)
(965.812,518)&(985.312,518.25)
(903.25,451.375)&(918.938,451.438)
(810.812,250.812)&(822.75,251.062)
(551.438,530.25)&(558.75,530.125)
(639.25,507.125)&(640.812,506.938)
(242.812,708.312)&(234.5,707.562)
(586.938,722.188)&(585.75,722.312)
(289.188,658.688)&(282.875,659.062)
(347.562,463.062)&(345.812,463.312)
(821.25,745.75)&(832.188,745.5)
(557.625,494.438)&(565,494.625)
(420.625,111.062)&(422.188,110.688)
(866.938,207.875)&(881.5,208.438)
(568.312,481.938)&(576.188,480.75)
(782.812,812.062)&(792.938,811.875)
(510.688,883.438)&(505.438,883.125)
(515.25,11.6875)&(520.688,12.8125)
(694.062,515.875)&(698.688,516.125)
(614.875,876.938)&(615.75,877.125)
(483.312,437.688)&(487.812,437.25)
(486.625,506.438)&(488.375,510.625)
(412.75,396.938)&(412.812,397.188)
(599.875,862.25)&(599.875,863)
(588.625,38.9375)&(598.25,38.9375)
(323.5,354)&(321.188,354.625)
(408.188,997.75)&(398.312,997.625)
(502.812,214.5)&(507.938,215)
(559.688,111.75)&(568.375,112.312)
(382.188,25.5)&(382.188,24.75)
(577.25,505.938)&(585.562,506.75)
(411.938,63.375)&(413,63.4375)
(533.438,326.125)&(539.875,326.25)
(611.625,311.562)&(622.688,311.125)
(539.312,989.812)&(535.875,990.125)
(131.562,545.375)&(118.312,544.812)
(91,524)&(75.1875,524.375)
(152,443.562)&(138.875,443.438)
(897.25,289.5)&(923.562,289.375)
(876.812,486.125)&(901.688,485.375)
(432.688,25.875)&(424.438,26.625)
(229.062,533.312)&(210.625,533.062)
(337.312,857.562)&(324.188,857)
(504.312,303.438)&(499.875,304.125)
(272.688,611.188)&(256.688,611.062)
(497.125,170.312)&(492,170.938)
(636.25,491.062)&(647.812,491.25)
(517.188,42.8125)&(514.062,43.125)
(453.938,252.5)&(447.188,252.188)
(620.438,153)&(622.062,153.375)
(858.625,825.312)&(881.875,824.938)
(678.25,582.438)&(692.75,582.625)
(911.062,903.625)&(936.625,903.062)
(276.75,475.188)&(261.812,475.062)
(238.938,304)&(221.938,304.625)
(415.938,325.375)&(416.812,325.062)
(139.938,709.625)&(127.625,709.875)
(886,267.125)&(900.688,266.812)
(515.25,11.6875)&(520.688,12.8125)
(102.688,127.5)&(87.375,127.938)
(372.75,927.562)&(371.188,927.562)
(102.688,127.5)&(87.375,127.938)
(372.75,927.562)&(371.188,927.562)
#