61 62
(871.812,506.875)&(857.375,506.75)
(515.25,11.6875)&(509.312,11.5625)
(886,267.125)&(870.25,267.25)
(139.938,709.625)&(154.562,709.5)
(430.938,683.875)&(429.312,683.875)
(903.25,451.375)&(887.312,451.125)
(810.812,250.812)&(799.5,251)
(242.812,708.312)&(251.125,707.938)
(586.938,722.188)&(587.75,722.25)
(289.188,658.688)&(294.812,659.375)
(347.562,463.062)&(351,462.812)
(821.25,745.75)&(809.5,745.812)
(557.625,494.438)&(549.875,494.438)
(420.625,111.062)&(418.688,111.062)
(866.938,207.875)&(851.875,207.688)
(568.312,481.938)&(560.125,481.438)
(372.75,927.562)&(375.125,927.688)
(782.812,812.062)&(774.25,811.875)
(510.688,883.438)&(515.875,882.688)
(984.312,798)&(962.688,797.75)
(515.25,11.6875)&(509.312,11.5625)
(694.062,515.875)&(688.875,515.062)
(483.312,437.688)&(480,437.5)
(486.625,506.438)&(482,507.438)
(412.75,396.938)&(411.812,396.812)
(999.25,437.5)&(977.062,437.875)
(599.875,862.25)&(600.688,861.875)
(588.625,38.9375)&(579.188,38.625)
(573.625,666.562)&(566.062,666.688)
(323.5,354)&(329.062,354.312)
(559.688,111.75)&(550.875,111.938)
(382.188,25.5)&(382.125,25.375)
(577.25,505.938)&(567.812,506.5)
(411.938,63.375)&(411,63.625)
(533.438,326.125)&(526.375,326.25)
(611.625,311.562)&(600.688,311.812)
(539.312,989.812)&(542.062,990)
(131.562,545.375)&(146.188,545.312)
(91,524)&(107.812,524)
(152,443.562)&(165.25,443.625)
(897.25,289.5)&(869.125,289.312)
(876.812,486.125)&(851.812,486)
(543.188,574.875)&(546.062,574.625)
(432.688,25.875)&(441.25,26.75)
(229.062,533.312)&(249.25,533.938)
(337.312,857.562)&(351.688,857.375)
(504.312,303.438)&(508.875,303.5)
(987.938,106.125)&(954.75,106.438)
(272.688,611.188)&(290.938,610.562)
(497.125,170.312)&(502.625,170.25)
(517.188,42.8125)&(520.5,42.6875)
(453.938,252.5)&(461.75,251.938)
(620.438,153)&(619,152.375)
(408.188,997.75)&(418.938,997.562)
(858.625,825.312)&(834.688,825.125)
(678.25,582.438)&(664.438,583.125)
(911.062,903.625)&(883.125,903.062)
(276.75,475.188)&(293.75,475.438)
(430.938,683.875)&(429.312,683.875)
(139.938,709.625)&(154.562,709.5)
(886,267.125)&(870.25,267.25)
(515.25,11.6875)&(509.312,11.5625)
(91.375,153.438)&(108.938,152.5)
(636.25,491.062)&(623.375,490.75)
(91.375,153.438)&(108.938,152.5)
(636.25,491.062)&(623.375,490.75)
#