62 63
(546.062,574.625)&(548.5,576.188)
(857.375,506.75)&(842.062,506.688)
(429.312,683.875)&(429.25,683.188)
(329.062,354.312)&(333.875,354.312)
(154.562,709.5)&(169.375,709.312)
(851.875,207.688)&(837.062,207.625)
(251.125,707.938)&(260.25,708.5)
(587.75,722.25)&(589.125,722.75)
(351,462.812)&(353.688,462.625)
(411.812,396.812)&(411.938,396.812)
(870.25,267.25)&(854.375,267.188)
(688.875,515.062)&(683.812,515.562)
(638,507.375)&(635.688,507.312)
(294.812,659.375)&(301.812,659.125)
(887.312,451.125)&(870.375,451.25)
(579.188,38.625)&(569.188,38.8125)
(962.688,797.75)&(941.625,797.5)
(809.5,745.812)&(797.312,745.5)
(482,507.438)&(478.562,507.5)
(600.688,861.875)&(601.125,861.562)
(977.062,437.875)&(954.375,438)
(774.25,811.875)&(764.25,812.062)
(515.875,882.688)&(520.5,882.812)
(389.812,267.312)&(390.438,267.312)
(546.062,574.625)&(548.5,576.188)
(418.688,111.062)&(418.812,110.812)
(526.375,326.25)&(519.688,325.938)
(528.312,856.625)&(531.75,856.562)
(418.938,997.562)&(429.75,997.375)
(411,63.625)&(409.812,63.375)
(550.875,111.938)&(543.75,111.938)
(291.375,24.125)&(297.312,23.6875)
(509.312,11.5625)&(502.625,13.8125)
(600.688,311.812)&(590.125,311.75)
(382.125,25.375)&(383.25,25.25)
(329.062,354.312)&(333.875,354.312)
(542.062,990)&(544.938,990.188)
(549.875,494.438)&(542.188,494.75)
(480,437.5)&(475.812,437.312)
(146.188,545.312)&(161.375,545.062)
(166.188,452.562)&(180.312,453.125)
(107.812,524)&(124.938,523.812)
(108.938,152.5)&(125.75,152.062)
(869.125,289.312)&(842.5,289.375)
(954.75,106.438)&(920.812,106.625)
(290.938,610.562)&(308.688,610.5)
(851.812,486)&(825.312,485.875)
(191.5,701)&(214,702.062)
(619,152.375)&(617.5,152.188)
(520.5,42.6875)&(524.562,43.125)
(461.75,251.938)&(468.625,253.75)
(375.125,927.688)&(377.875,927.688)
(623.375,490.75)&(611.812,490.438)
(249.25,533.938)&(269.125,533.062)
(441.25,26.75)&(448.688,26.125)
(566.062,666.688)&(557.25,667.125)
(883.125,903.062)&(855.5,903.562)
(567.812,506.5)&(559.062,506.812)
(664.438,583.125)&(649.062,581.312)
(834.688,825.125)&(809.75,825.312)
(293.75,475.438)&(310.625,475.625)
(502.625,170.25)&(507.25,170.562)
(154.562,709.5)&(169.375,709.312)
(329.062,354.312)&(333.875,354.312)
(429.312,683.875)&(429.25,683.188)
(857.375,506.75)&(842.062,506.688)
(799.5,251)&(787.938,250.75)
(82.0625,486.125)&(99.75,504.5)
(799.5,251)&(787.938,250.75)
#