0 2
(364.938,712)&(330.125,712.125)
(731.688,310.25)&(747.562,309.938)
(444.125,709.188)&(419.75,709.438)
(678.125,528.562)&(687.312,528.625)
(527.438,465.125)&(514.75,464.438)
(745.938,488.438)&(764.438,488.375)
(574.625,397.938)&(569.5,398.75)
(565.375,269.688)&(556.125,270)
(578.875,326.375)&(573.688,326.438)
(358.125,548.75)&(321.625,548.812)
(693.688,479.938)&(704.562,479.375)
(699.938,502.688)&(712.188,504.312)
(589.625,682.688)&(585.188,682.875)
(712.125,39)&(726.062,38.75)
(486.062,30.125)&(466.812,29.8125)
(669.375,325.688)&(676.875,325.938)
(690.312,113.125)&(701.438,113.312)
(318.812,934.562)&(279.188,934.75)
(924.688,818.812)&(967,818.125)
(347.562,187.312)&(310.875,186.938)
(647.562,215.375)&(653,214.812)
(630.938,507.562)&(632.75,506.5)
(325.125,528.938)&(284,528.875)
(687.75,573.875)&(697.938,575.25)
(944.062,479.938)&(988.938,479.688)
(512.438,391.062)&(497.562,390.688)
(582.938,65.875)&(577.875,66.1875)
(358.5,504.188)&(322.438,504.188)
(512,357.25)&(497.562,357.938)
(962.125,283.812)&(1010.88,284.125)
(538.812,925.438)&(528.625,925.625)
(695.125,664.625)&(707.375,664)
(564.875,29.5)&(557.5,28.6875)
(298.5,490.812)&(254.938,490.375)
(661.188,16.6875)&(666.125,17.75)
(313.938,161.062)&(273.375,160.875)
(157.438,145.312)&(94.5625,144.438)
(271.312,8.25)&(224,9.4375)
(293.25,228.75)&(249.375,228.375)
(256.625,245.188)&(207.438,244.688)
(527.438,465.125)&(514.75,464.438)
(678.125,528.562)&(687.312,528.625)
(444.125,709.188)&(419.75,709.438)
(354.875,34.0625)&(341.25,33.5)
(716.75,15.9375)&(729.562,21.75)
(368.188,457.562)&(330.812,447.438)
#