3 1
(702.688,574.438)&(693,575.062)
(755.688,309.188)&(740.062,310.188)
(583.5,682.562)&(586.812,683.062)
(231.938,491.312)&(275.062,489.125)
(457.25,29.75)&(476.938,29.8125)
(716.75,503.375)&(705.438,503.438)
(654.938,214.5)&(652.5,215.125)
(690.438,528.562)&(683.25,529.875)
(565.875,397.625)&(571.875,398.5)
(508,464.75)&(521,464.938)
(1012.44,478.875)&(966.688,479.5)
(489.062,357.5)&(503.875,356.75)
(679.75,325.625)&(672.938,325.375)
(773.688,488.062)&(755.75,488.062)
(581.875,113.062)&(586.75,113.125)
(817,579.875)&(792.312,577.75)
(570.562,326.125)&(576.812,326.625)
(552.438,269.438)&(559.688,269.938)
(705.75,112.438)&(695.875,112.438)
(699.25,493.125)&(689.812,493.062)
(712.938,663.75)&(701.625,663.875)
(631.812,437.688)&(629.875,437.625)
(311.875,448.312)&(347.875,447.75)
(489.875,390.75)&(504.25,390.75)
(575.625,66.125)&(580.812,65.875)
(231.938,491.312)&(275.062,489.125)
(552.625,28.5)&(561.5,29.1875)
(633.688,507)&(631.938,508.125)
(182.812,244.938)&(232.062,244.938)
(200.125,8.5625)&(247.562,8.6875)
(196.625,55.6875)&(244.625,55.5625)
(265.25,135.375)&(305.5,135.688)
(252.688,161.125)&(293.938,160.75)
(85.75,139.688)&(146.938,139.25)
(109.625,90.6875)&(167.5,90.5)
(737.875,207.375)&(702.062,207.5)
(865.375,432.875)&(815.688,434.062)
(763.812,449.438)&(725.688,450.062)
(387.438,308.062)&(392.75,308)
(165.625,616.25)&(197.062,616.188)
(336.625,32.9375)&(348.312,33.75)
(406.125,857.812)&(410.188,857.875)
(342.812,260)&(353.75,260)
(421.625,576.188)&(421.812,576.188)
(752.312,265.312)&(715.688,266.312)
(392.688,883.062)&(397.938,883.188)
(516.875,508.312)&(507.125,509.125)
(737.938,207.438)&(702.062,207.5)
(428.25,989)&(430.125,987.938)
(460.812,722.5)&(458.562,722.625)
(506.875,156.562)&(499.312,157.125)
(688.75,742.75)&(659.375,743.062)
(571.625,515.938)&(557.125,517.312)
(418.188,48.6875)&(421.125,49.3125)
(686.312,250.625)&(658.25,252.062)
(127.375,539.875)&(163,540.375)
(232.062,859.875)&(256.125,859.812)
(481.562,861.438)&(478.812,861.062)
(391.875,176.312)&(397.312,176.812)
(75.875,708.188)&(117.688,707.75)
(187.75,481.625)&(217.312,481.438)
(76.75,854.688)&(120.312,853.812)
(457.25,29.75)&(476.938,29.8125)
(231.938,491.312)&(275.062,489.125)
(583.5,682.562)&(586.812,683.062)
(755.688,309.188)&(740.062,310.188)
(523.375,925.938)&(534.188,925.562)
(259,935.188)&(298.875,934.625)
(304.438,504.5)&(341.375,504.188)
(303.562,548.5)&(340,548.25)
(311.375,712.312)&(347.312,712.562)
(407.188,708.625)&(431.5,707.938)
(523.375,925.938)&(534.188,925.562)
(259,935.188)&(298.875,934.625)
(304.438,504.5)&(341.375,504.188)
(303.562,548.5)&(340,548.25)
(311.375,712.312)&(347.312,712.562)
(407.188,708.625)&(431.5,707.938)
#