4 2
(394.562,708.25)&(419.75,709.438)
(482.812,361.188)&(497.562,357.938)
(480.125,355.188)&(497.562,357.938)
(579.812,682.312)&(585.188,682.875)
(825.25,577.5)&(803.75,578.625)
(501.062,464.75)&(514.75,464.438)
(547.875,268.938)&(556.125,270)
(739.125,35.75)&(726.062,38.75)
(294.062,712.5)&(330.125,712.125)
(762.812,309.875)&(747.562,309.938)
(707.188,574.062)&(697.938,575.25)
(442.562,661)&(462.062,660.25)
(711.25,112.25)&(701.438,113.312)
(448.312,29.25)&(466.812,29.8125)
(683,325.562)&(676.875,325.938)
(562.812,397.938)&(569.5,398.75)
(209,489)&(254.938,490.375)
(568.062,326.25)&(573.688,326.438)
(782.188,487.5)&(764.438,488.375)
(695.562,529.188)&(687.312,528.625)
(722.562,503.25)&(712.188,504.312)
(285.5,548.812)&(321.625,548.812)
(238.125,935)&(279.188,934.75)
(635.5,507.062)&(632.75,506.5)
(718.562,663.812)&(707.375,664)
(548.688,28.3125)&(557.5,28.6875)
(656.5,214.625)&(653,214.812)
(473.625,93.5625)&(489.75,92.9375)
(703.625,492.938)&(694.5,492.875)
(242.875,528.875)&(284,528.875)
(572,65.6875)&(577.875,66.1875)
(714.25,479.062)&(704.562,479.375)
(482.5,390.938)&(497.562,390.688)
(286.938,504.688)&(322.438,504.188)
(632.312,437.438)&(629.875,438.125)
(517.875,925.938)&(528.625,925.625)
(275.688,187.062)&(310.875,186.938)
(158.938,244.812)&(207.438,244.688)
(177.062,8.3125)&(224,9.4375)
(246.125,135.188)&(285.688,135.625)
(88.75,316.062)&(145.125,315.688)
(232,161.375)&(273.375,160.875)
(754.188,207.688)&(719.562,207.125)
(782.125,449.5)&(744.688,449.812)
(849.812,515.062)&(804.812,515.375)
(483.062,861.938)&(480.312,861.75)
(151.062,616.188)&(180.938,615.688)
(389.625,882.312)&(395.875,882.875)
(384.5,308.125)&(389.688,307.375)
(874.812,791.688)&(829.625,792.562)
(462.375,722.312)&(459.688,722.562)
(483.062,861.938)&(480.312,861.75)
(403.938,857.562)&(407.812,857.75)
(520.562,508.062)&(512.625,508.875)
(419.688,576.125)&(421.812,575.875)
(428.438,988.75)&(429.938,988.812)
(664.812,808.812)&(639.938,809.062)
(754.188,207.688)&(719.562,207.125)
(701.688,742.438)&(673.75,743.312)
(330.625,33.5)&(341.25,33.5)
(510.938,156.25)&(502.562,157.062)
(699.75,250.75)&(672.188,251.25)
(337.625,261)&(347.938,260.125)
(578.938,516.062)&(564.125,516.812)
(416.438,48.75)&(419.25,49.1875)
(110.438,539.125)&(145.688,540.125)
(220.062,860.188)&(243.75,859.688)
(388.938,176.312)&(394.062,176.562)
(55.8125,708.5)&(96.9375,707.688)
(173.25,481.688)&(202.688,481.5)
(56.1875,854.812)&(98.625,854)
(825.25,577.5)&(803.75,578.625)
(579.812,682.312)&(585.188,682.875)
(482.812,361.188)&(497.562,357.938)
(86.8125,140.438)&(116.375,139.062)
(298.812,458.25)&(330.812,447.438)
(578.875,112.75)&(554,108.438)
(298.812,458.25)&(330.812,447.438)
#