5 3
(836.625,577.75)&(817,579.875)
(388.312,882.75)&(392.688,883.062)
(836.75,578.125)&(817,579.875)
(402.938,857.25)&(406.125,857.812)
(836.625,577.75)&(817,579.875)
(473.625,356.875)&(489.062,357.5)
(712,574.5)&(702.688,574.438)
(484.75,862.688)&(481.562,861.438)
(790.5,487.75)&(773.688,488.062)
(494.812,464.25)&(508,464.75)
(635.125,507.5)&(633.688,507)
(686.188,325.062)&(679.75,325.625)
(559.125,397.562)&(565.875,397.625)
(633.062,437.312)&(631.812,437.688)
(208.562,860.562)&(232.062,859.875)
(565.125,325.625)&(570.562,326.125)
(728.188,503.062)&(716.75,503.375)
(279.938,448.25)&(311.875,448.312)
(428,988.688)&(428.25,989)
(190.438,490)&(231.938,491.312)
(475.125,390.75)&(489.875,390.75)
(719.562,478.812)&(709.375,478.938)
(270.25,504.375)&(304.438,504.5)
(135.125,244.812)&(182.812,244.938)
(35.875,854.875)&(76.75,854.688)
(61.8125,315.75)&(116.188,316.125)
(382,707.938)&(407.188,708.625)
(434,661)&(452.188,660.938)
(578.188,682.438)&(583.5,682.562)
(277.5,712.438)&(311.375,712.312)
(439.688,29.0625)&(457.25,29.75)
(714.875,112.375)&(705.75,112.438)
(268.5,548.375)&(303.562,548.5)
(770.062,309.875)&(755.688,309.188)
(658.75,214)&(654.938,214.5)
(569.25,65.4375)&(575.625,66.125)
(577.125,113.125)&(581.875,113.062)
(465.5,92.75)&(481.438,93.25)
(224.062,528.562)&(263.625,529.25)
(723.188,663.875)&(712.938,663.75)
(544.75,28)&(552.625,28.5)
(512.625,925.5)&(523.375,925.938)
(220.625,935.125)&(259,935.188)
(150.688,55.1875)&(196.625,55.6875)
(227.75,135.438)&(265.25,135.375)
(212.938,161.25)&(252.688,161.125)
(912.938,433)&(865.375,432.875)
(137.312,616.125)&(165.625,616.25)
(801.375,448.125)&(763.812,449.438)
(382.938,307.812)&(387.438,308.062)
(898.062,791.625)&(852.812,791.938)
(770.688,207.062)&(737.875,207.375)
(975.375,524.625)&(923.25,524.938)
(787.938,265.188)&(752.312,265.312)
(715.062,742.188)&(688.75,742.75)
(335.125,257)&(342.812,260)
(419.375,576.25)&(421.625,576.188)
(464.75,722.188)&(460.812,722.5)
(713.625,250.812)&(686.312,250.625)
(324.75,33.375)&(336.625,32.9375)
(587.625,517.312)&(571.625,515.938)
(415.75,48.4375)&(418.188,48.6875)
(515.375,156.062)&(506.875,156.562)
(94.625,540.25)&(127.375,539.875)
(387.188,176.125)&(391.875,176.312)
(36.5625,708.5)&(75.875,708.188)
(159.75,481.438)&(187.75,481.625)
#