6 4
(370.75,708.062)&(394.562,708.25)
(846.5,578)&(825.25,577.5)
(260.812,712.5)&(294.062,712.5)
(370.75,708.062)&(394.562,708.25)
(576.125,683.062)&(579.812,682.312)
(702.438,527.938)&(695.562,529.188)
(799,488.312)&(782.188,487.5)
(424.125,661.125)&(442.562,661)
(715.312,573.688)&(707.188,574.062)
(633.438,437.125)&(632.312,437.438)
(430.562,28.875)&(448.312,29.25)
(539.25,268.75)&(547.875,268.938)
(635.062,506.562)&(635.5,507.062)
(556.688,398.062)&(562.812,397.938)
(777,309.75)&(762.812,309.875)
(720.062,112.5)&(711.25,112.25)
(562.188,325.75)&(568.062,326.25)
(457,92.8125)&(473.625,93.5625)
(846.5,578)&(825.25,577.5)
(266.5,457.625)&(298.812,458.25)
(733.812,503.188)&(722.562,503.25)
(468,390.75)&(482.5,390.938)
(488.562,464.875)&(501.062,464.75)
(250.75,549.125)&(285.5,548.812)
(205,528.062)&(242.875,528.875)
(711.5,492.625)&(703.625,492.938)
(689.5,324.812)&(683,325.562)
(466.812,356.312)&(480.125,355.188)
(724.375,478.75)&(714.25,479.062)
(566.625,65.1875)&(572,65.6875)
(540.188,27.9375)&(548.688,28.3125)
(575.188,113.438)&(578.875,112.75)
(660.25,214.438)&(656.5,214.625)
(169.562,490.75)&(209,489)
(253.062,504.25)&(286.938,504.688)
(507.5,925.562)&(517.875,925.938)
(728.25,664.062)&(718.562,663.812)
(201.875,935.188)&(238.125,935)
(111.938,245)&(158.938,244.812)
(193.75,160.812)&(232,161.375)
(209.625,135.25)&(246.125,135.188)
(330.25,257.5)&(337.625,261)
(892.5,514.875)&(849.812,515.062)
(123.5,615.812)&(151.062,616.188)
(386.188,883)&(389.625,882.312)
(804.938,264.938)&(770.812,266.125)
(488.812,862.312)&(483.062,861.938)
(787.875,209.5)&(754.188,207.688)
(330.25,257.5)&(337.625,261)
(782.375,505.875)&(748.062,504.812)
(401.438,857.562)&(403.938,857.562)
(380.75,307.438)&(384.5,308.125)
(729.438,742.25)&(701.688,742.438)
(920.125,791.812)&(874.812,791.688)
(594.875,517.312)&(578.938,516.062)
(198.938,860.312)&(220.062,860.188)
(414.875,48.375)&(416.438,48.75)
(319.875,33.5)&(330.625,33.5)
(419.875,576.062)&(419.688,576.125)
(519,155.625)&(510.938,156.25)
(727.75,250.312)&(699.75,250.75)
(427.812,988.75)&(428.438,988.75)
(819.062,448.875)&(782.125,449.5)
(79.125,539.875)&(110.438,539.125)
(466.312,722.438)&(462.375,722.312)
(385,176)&(388.938,176.312)
(689.688,808.938)&(664.812,808.812)
(18,708.375)&(55.8125,708.5)
(146.625,481.25)&(173.25,481.688)
(16.5,854.75)&(56.1875,854.812)
#