7 5
(63.5625,542.125)&(94.625,540.25)
(384.875,882.875)&(388.312,882.75)
(110.812,615.812)&(137.312,616.125)
(856.062,578.062)&(836.75,578.125)
(784.562,309.5)&(770.062,309.875)
(422.25,28.6875)&(439.688,29.0625)
(400.375,857.562)&(402.938,857.25)
(720.812,573.688)&(712,574.5)
(805.562,488.062)&(790.5,487.75)
(536.25,27.75)&(544.75,28)
(633.188,436.938)&(633.062,437.312)
(559.188,326.375)&(565.125,325.625)
(856.062,578.062)&(836.75,578.125)
(552.875,398)&(559.125,397.562)
(63.875,540.25)&(94.625,540.25)
(728.125,479.188)&(719.562,478.812)
(189.25,860)&(208.562,860.562)
(563.688,65.375)&(569.25,65.4375)
(691.938,325.375)&(686.188,325.062)
(661.812,214.5)&(658.75,214)
(636,506.5)&(635.125,507.5)
(572.562,113.5)&(577.125,113.125)
(427.812,988.875)&(428,988.688)
(737.75,504.188)&(728.188,503.062)
(449,92.5625)&(465.5,92.75)
(732.188,664.188)&(723.188,663.875)
(133.812,481.312)&(159.75,481.438)
(836.625,449)&(801.375,448.125)
(958.75,432.75)&(912.938,433)
(822.188,264.375)&(787.938,265.188)
(244.125,712.75)&(277.5,712.438)
(359,708.688)&(382,707.938)
(742.5,742.75)&(715.062,742.188)
(912.812,515.188)&(871.688,515)
(804.938,208.188)&(770.688,207.062)
(523.125,155.562)&(515.375,156.062)
(741.125,250.188)&(713.625,250.812)
(236.875,503.5)&(270.25,504.375)
(234.438,548.812)&(268.5,548.375)
(186.312,528.438)&(224.062,528.562)
(246.438,447.5)&(279.938,448.25)
(942.625,792)&(898.062,791.625)
(90.5625,244.375)&(135.125,244.812)
(149.562,492.062)&(190.438,490)
(184,935.438)&(220.625,935.125)
(191.625,135.312)&(227.75,135.438)
(324.188,259.875)&(335.125,257)
(414.125,48.0625)&(415.75,48.4375)
(314.938,33.5)&(324.75,33.375)
(724.25,112)&(714.875,112.375)
(383.25,175.688)&(387.188,176.125)
(784.562,309.5)&(770.062,309.875)
(856.062,578.062)&(836.75,578.125)
(110.812,615.812)&(137.312,616.125)
(384.875,882.875)&(388.312,882.75)
(323.812,161.125)&(349.25,160.812)
(323.812,161.125)&(349.25,160.812)
(323.812,161.125)&(349.25,160.812)
#