8 6
(451.875,355.625)&(466.812,356.312)
(865.062,577.438)&(846.5,578)
(789.938,309.438)&(777,309.75)
(452.75,391.312)&(468,390.75)
(719.625,492.812)&(711.5,492.625)
(865.062,577.438)&(846.5,578)
(531,269.25)&(539.25,268.75)
(348.688,709.188)&(370.75,708.062)
(724.188,574.5)&(715.312,573.688)
(531.938,27.5625)&(540.188,27.9375)
(413.625,28.75)&(430.562,28.875)
(406.062,660.875)&(424.125,661.125)
(475.625,464.75)&(488.562,464.875)
(813.312,487.75)&(799,488.312)
(167.625,528.375)&(205,528.062)
(227.688,713)&(260.812,712.5)
(710.062,529.062)&(702.438,527.938)
(637.312,507.375)&(635.062,506.562)
(571.438,682.375)&(576.125,683.062)
(451.875,355.625)&(466.812,356.312)
(220.812,503.938)&(253.062,504.25)
(694.188,325.625)&(689.5,324.812)
(662.875,214.625)&(660.25,214.438)
(727.562,111.5)&(720.062,112.5)
(732.5,479.875)&(724.375,478.75)
(633.5,437.125)&(633.438,437.125)
(311.625,160.75)&(336.812,160.812)
(561.125,65.4375)&(566.625,65.1875)
(218,548.75)&(250.75,549.125)
(742.438,503.875)&(733.812,503.188)
(569.938,113.125)&(575.188,113.438)
(441.625,92.8125)&(457,92.8125)
(130.375,493.5)&(169.562,490.75)
(556.75,326)&(562.188,325.75)
(550.438,397.625)&(556.688,398.062)
(529.562,106.938)&(537,107)
(737.25,664.125)&(728.25,664.062)
(497.375,926.375)&(507.5,925.562)
(67.625,244.75)&(111.938,245)
(166.125,935.375)&(201.875,935.188)
(853.875,448.812)&(819.062,448.875)
(97.5625,615.688)&(123.5,615.812)
(383.188,883)&(386.188,883)
(980.812,433.312)&(935.375,432.562)
(838.438,264.438)&(804.938,264.938)
(933.438,515.312)&(892.5,514.875)
(755.875,742.375)&(729.438,742.25)
(493.438,862)&(488.812,862.312)
(470.5,722.375)&(466.312,722.438)
(820.25,206.188)&(787.875,209.5)
(399.625,857.812)&(401.438,857.562)
(471.812,130.812)&(469.625,131.062)
(310.188,33.375)&(319.875,33.5)
(413.375,48)&(414.875,48.375)
(419.938,576)&(419.875,576.062)
(377.938,307.438)&(380.75,307.438)
(49.1875,541.062)&(79.125,539.875)
(527.75,155.875)&(519,155.625)
(320.312,260.875)&(330.25,257.5)
(712.062,808.688)&(689.688,808.938)
(381.25,175.625)&(385,176)
(754.875,249.938)&(727.75,250.312)
(179.438,860.188)&(198.938,860.312)
(609.562,517.562)&(594.875,517.312)
(964.188,791.938)&(920.125,791.812)
(427.438,988.938)&(427.812,988.75)
(719.625,492.812)&(711.5,492.625)
(452.75,391.312)&(468,390.75)
(789.938,309.438)&(777,309.75)
(865.062,577.438)&(846.5,578)
(230.938,447.5)&(266.5,457.625)
(230.938,447.5)&(266.5,457.625)
#