8 7
(853.875,448.812)&(836.625,449)
(451.875,355.625)&(459.5,356.375)
(865.062,577.438)&(856.062,578.062)
(980.812,433.312)&(958.75,432.75)
(789.938,309.438)&(784.562,309.5)
(838.438,264.438)&(822.188,264.375)
(933.438,515.312)&(912.812,515.188)
(719.625,492.812)&(716.562,493.375)
(865.062,577.438)&(856.062,578.062)
(531,269.25)&(535.688,268.75)
(348.688,709.188)&(359,708.688)
(724.188,574.5)&(720.812,573.688)
(531.938,27.5625)&(536.25,27.75)
(413.625,28.75)&(422.25,28.6875)
(406.062,660.875)&(415.438,660.875)
(820.25,206.188)&(804.938,208.188)
(475.625,464.75)&(482.188,465.125)
(813.312,487.75)&(805.562,488.062)
(167.625,528.375)&(186.312,528.438)
(227.688,713)&(244.125,712.75)
(710.062,529.062)&(706.75,528.562)
(637.312,507.375)&(636,506.5)
(571.438,682.375)&(574,683.062)
(451.875,355.625)&(459.5,356.375)
(220.812,503.938)&(236.875,503.5)
(694.188,325.625)&(691.938,325.375)
(662.875,214.625)&(661.812,214.5)
(727.562,111.5)&(724.25,112)
(732.5,479.875)&(728.125,479.188)
(633.5,437.125)&(633.188,436.938)
(311.625,160.75)&(323.812,161.125)
(561.125,65.4375)&(563.688,65.375)
(218,548.75)&(234.438,548.812)
(742.438,503.875)&(737.75,504.188)
(569.938,113.125)&(572.562,113.5)
(712.062,808.688)&(701.375,808.875)
(441.625,92.8125)&(449,92.5625)
(130.375,493.5)&(149.562,492.062)
(556.75,326)&(559.188,326.375)
(550.438,397.625)&(552.875,398)
(529.562,106.938)&(533.875,106.875)
(964.188,791.938)&(942.625,792)
(230.938,447.5)&(246.438,447.5)
(737.25,664.125)&(732.188,664.188)
(497.375,926.375)&(502.188,926.125)
(67.625,244.75)&(90.5625,244.375)
(166.125,935.375)&(184,935.438)
(97.5625,615.688)&(110.812,615.812)
(383.188,883)&(384.875,882.875)
(755.875,742.375)&(742.5,742.75)
(493.438,862)&(490.375,861.188)
(470.5,722.375)&(468.25,722.25)
(399.625,857.812)&(400.375,857.562)
(471.812,130.812)&(470.875,130.938)
(310.188,33.375)&(314.938,33.5)
(413.375,48)&(414.125,48.0625)
(540.25,508.375)&(535.75,508.625)
(419.938,576)&(420.062,576.125)
(377.938,307.438)&(379.625,307.625)
(49.1875,541.062)&(63.875,540.25)
(527.75,155.875)&(523.125,155.562)
(320.312,260.875)&(324.188,259.875)
(381.25,175.625)&(383.25,175.688)
(754.875,249.938)&(741.125,250.188)
(179.438,860.188)&(189.25,860)
(609.562,517.562)&(602.75,517.375)
(427.438,988.938)&(427.812,988.875)
#