9 7
(337.438,708.938)&(359,708.688)
(443.688,355.688)&(459.5,356.375)
(1002.5,433.312)&(958.75,432.75)
(954.125,514.688)&(912.812,515.188)
(337.438,708.938)&(359,708.688)
(404.688,28.75)&(422.25,28.6875)
(569.188,682.75)&(574,683.062)
(443.688,355.688)&(459.5,356.375)
(299.188,160.625)&(323.812,161.125)
(149.688,528.062)&(186.312,528.438)
(397.062,660.562)&(415.438,660.875)
(527.688,28)&(536.25,27.75)
(470.688,464.875)&(482.188,465.125)
(557.938,65.375)&(563.688,65.375)
(527.25,269.875)&(535.688,268.75)
(212.438,712.75)&(244.125,712.75)
(553.938,326.062)&(559.188,326.375)
(567.438,112.688)&(572.562,113.5)
(204.812,503.75)&(236.875,503.5)
(434.25,92.9375)&(449,92.5625)
(215.938,447.562)&(246.438,447.5)
(525,107.062)&(533.875,106.875)
(547.312,397.438)&(552.875,398)
(202.125,548.688)&(234.438,548.812)
(491.875,926.562)&(502.188,926.125)
(148.375,935.562)&(184,935.438)
(381.688,882.75)&(384.875,882.875)
(86,615.5)&(110.812,615.812)
(381.688,882.75)&(384.875,882.875)
(398.812,858)&(400.375,857.562)
(473.938,130.625)&(470.875,130.938)
(473.312,722.375)&(468.25,722.25)
(306.25,32.875)&(314.938,33.5)
(315.938,260.812)&(324.188,259.875)
(376.438,307.375)&(379.625,307.625)
(412.938,47.8125)&(414.125,48.0625)
(34.875,539.938)&(63.875,540.25)
(617.25,516.938)&(602.75,517.375)
(545.25,508.25)&(535.75,508.625)
(420.375,576)&(420.062,576.125)
(170.125,859.812)&(189.25,860)
(532,156.312)&(523.125,155.562)
(722.25,808.875)&(701.375,808.875)
(379.75,175.812)&(383.25,175.688)
(427.5,989.25)&(427.812,988.875)
(633.062,436.562)&(633.188,436.938)
(634.312,508.875)&(636,506.5)
(722.062,492)&(716.562,493.375)
(820.438,487.938)&(805.562,488.062)
(726.75,574.875)&(720.812,573.688)
(712.625,529.312)&(706.75,528.562)
(731.938,111.75)&(724.25,112)
(663.125,214.812)&(661.812,214.5)
(696.25,325.188)&(691.938,325.375)
(747.062,502.438)&(737.75,504.188)
(796.25,310.812)&(784.562,309.5)
(736.312,478.938)&(728.125,479.188)
(741.25,664.188)&(732.188,664.188)
(835.312,206.125)&(804.938,208.188)
(871.25,448.375)&(836.625,449)
(855.125,264.875)&(822.188,264.375)
(770,742.625)&(742.5,742.75)
(503.875,860.438)&(490.375,861.188)
(835.25,205.688)&(804.938,208.188)
(768.25,250.062)&(741.125,250.188)
(337.438,708.938)&(359,708.688)
(1002.5,433.312)&(958.75,432.75)
(443.688,355.688)&(459.5,356.375)
(878.375,587.562)&(856.062,578.062)
(878.375,587.562)&(856.062,578.062)
(878.375,587.562)&(856.062,578.062)
(878.375,587.562)&(856.062,578.062)
#