10 8
(883.438,577.188)&(865.062,577.438)
(380.5,883.125)&(383.188,883)
(440.062,390.562)&(452.75,391.312)
(398.562,858)&(399.625,857.812)
(750.625,502.688)&(742.438,503.875)
(391.938,31.5625)&(413.625,28.75)
(633.312,437.188)&(633.5,437.125)
(523.5,270.125)&(531,269.25)
(464.25,464.688)&(475.625,464.75)
(500.438,862.125)&(501.438,859.875)
(801.188,310.062)&(789.938,309.438)
(74.125,615.438)&(97.5625,615.688)
(827.125,487.812)&(813.312,487.75)
(550.188,326.25)&(556.75,326)
(725.5,492.062)&(719.625,492.812)
(523.75,28.125)&(531.938,27.5625)
(426.5,93.25)&(441.625,92.8125)
(715,529.188)&(710.062,529.062)
(740.125,479.062)&(732.5,479.875)
(437.25,356)&(451.875,355.625)
(554.875,65)&(561.125,65.4375)
(664.688,214.25)&(662.875,214.625)
(698.688,325.062)&(694.188,325.625)
(564.75,112.562)&(569.938,113.125)
(21.375,539.125)&(49.1875,541.062)
(161.312,860.062)&(179.438,860.188)
(731.062,575.125)&(724.188,574.5)
(544.312,397.188)&(550.438,397.625)
(520.438,107.312)&(529.562,106.938)
(427.25,989.312)&(427.438,988.938)
(312.938,259.938)&(320.312,260.875)
(973.312,514.875)&(933.438,515.312)
(870.312,264.812)&(838.438,264.438)
(388.312,660.312)&(406.062,660.875)
(312.938,259.938)&(320.312,260.875)
(566.188,683)&(571.438,682.375)
(326.375,708.625)&(348.688,709.188)
(887.812,448.25)&(853.875,448.812)
(302.25,32.1875)&(310.188,33.375)
(412.562,47.6875)&(413.375,48)
(197.062,712.25)&(227.688,713)
(186.688,549.25)&(218,548.75)
(132.188,528)&(167.625,528.375)
(780.25,249.812)&(754.875,249.938)
(201.938,447)&(230.938,447.5)
(189.375,503.688)&(220.812,503.938)
(535.5,156.125)&(527.75,155.875)
(378.312,175.75)&(381.25,175.625)
(735.625,112.125)&(727.562,111.5)
(474.875,722.438)&(470.5,722.375)
(375.5,307.438)&(377.938,307.438)
(549.312,508.438)&(540.25,508.375)
(733.875,809)&(712.062,808.688)
(420.625,576.062)&(419.938,576)
(398.562,858)&(399.625,857.812)
(440.062,390.562)&(452.75,391.312)
(380.5,883.125)&(383.188,883)
(849.188,205.5)&(820.25,206.188)
(849.188,205.5)&(820.25,206.188)
(849.188,205.5)&(820.25,206.188)
#