11 9
(433.312,390.312)&(446.312,390.875)
(315.938,709.125)&(337.438,708.938)
(387.625,28)&(404.688,28.75)
(458.062,464.688)&(470.688,464.875)
(632.75,511.438)&(634.312,508.875)
(633.438,436.812)&(633.062,436.562)
(563.75,683.062)&(569.188,682.75)
(430.312,355.438)&(443.688,355.688)
(753.938,504.062)&(747.062,502.438)
(832.938,487.875)&(820.438,487.938)
(519.438,269.938)&(527.25,269.875)
(380,661)&(397.062,660.562)
(807.688,309.938)&(796.25,310.812)
(742.938,479.438)&(736.312,478.938)
(540.312,396.875)&(547.312,397.438)
(728.562,492.625)&(722.062,492)
(665.75,214.312)&(663.125,214.812)
(739.125,112)&(731.938,111.75)
(181.938,711.875)&(212.438,712.75)
(734.875,575.188)&(726.75,574.875)
(418.812,93.125)&(434.25,92.9375)
(174.062,503.25)&(204.812,503.75)
(746.812,664.5)&(741.25,664.188)
(561.875,112.625)&(567.438,112.688)
(519.75,28.375)&(527.688,28)
(187.312,447.25)&(215.938,447.562)
(547.25,326.688)&(553.938,326.062)
(717.938,529.062)&(712.625,529.312)
(701.5,325.125)&(696.25,325.188)
(170.312,549.312)&(202.125,548.688)
(115.625,527.938)&(149.688,528.062)
(552.438,64.75)&(557.938,65.375)
(516.688,107.375)&(525,107.062)
(902.938,448.25)&(871.25,448.375)
(886.125,264.562)&(855.125,264.875)
(991.625,515.25)&(954.125,514.688)
(63.0625,615.562)&(86,615.5)
(379.562,883)&(381.688,882.75)
(864.688,205.562)&(835.25,205.688)
(398.375,857.625)&(398.812,858)
(477.062,722.312)&(473.312,722.375)
(309.188,260.5)&(315.938,260.812)
(374.062,307.312)&(376.438,307.375)
(412.188,48)&(412.938,47.8125)
(538.938,155.688)&(532,156.312)
(503.25,862.125)&(503.875,860.438)
(794.812,743.062)&(770,742.625)
(8.9375,540.062)&(34.875,539.938)
(420.812,575.938)&(420.375,576)
(554.125,508.438)&(545.25,508.25)
(298.062,32.125)&(306.25,32.875)
(152.688,859.812)&(170.125,859.812)
(745.125,808.75)&(722.25,808.875)
(791.75,250.062)&(768.25,250.062)
(376.688,175.438)&(379.75,175.812)
(427.188,989.125)&(427.5,989.25)
(632.75,511.438)&(634.312,508.875)
(458.062,464.688)&(470.688,464.875)
(387.625,28)&(404.688,28.75)
(315.938,709.125)&(337.438,708.938)
(894,581.188)&(878.375,587.562)
(894,581.188)&(878.375,587.562)
(894,581.188)&(878.375,587.562)
(894,581.188)&(878.375,587.562)
#