12 10
(305.75,709.125)&(326.375,708.625)
(425.25,391)&(440.062,390.562)
(305.75,709.125)&(326.375,708.625)
(423.812,356)&(437.25,356)
(900,580.625)&(883.438,577.188)
(451.688,464.438)&(464.25,464.688)
(372.625,32.375)&(391.938,31.5625)
(177.562,457.75)&(205.25,457.562)
(812.938,310.062)&(801.188,310.062)
(167.25,712.125)&(197.062,712.25)
(561.125,683.312)&(566.188,683)
(537.062,397.75)&(544.312,397.188)
(742.188,112.062)&(735.625,112.125)
(666,214.25)&(664.688,214.25)
(371.5,661.188)&(388.312,660.312)
(411.438,92.5625)&(426.5,93.25)
(720.5,528.875)&(715,529.188)
(758.062,504.375)&(750.625,502.688)
(632.938,437.125)&(633.312,437.188)
(703.312,325.188)&(698.688,325.062)
(731.312,493.188)&(725.5,492.062)
(737.125,574.875)&(731.062,575.125)
(636.375,506.75)&(634.688,507.938)
(838.625,487.562)&(827.125,487.812)
(750.938,664.625)&(743.125,664.188)
(515.375,28.125)&(523.75,28.125)
(558.688,112.625)&(564.75,112.562)
(159.688,503.438)&(189.375,503.688)
(549.438,64.8125)&(554.875,65)
(544.75,326.375)&(550.188,326.25)
(746.75,479.562)&(740.125,479.062)
(156,548.75)&(186.688,549.25)
(512.625,107.438)&(520.438,107.312)
(98.75,528.5)&(132.188,528)
(918.5,448.125)&(887.812,448.25)
(52.1875,615.562)&(74.125,615.438)
(901.25,264.75)&(870.312,264.812)
(1010.5,514.625)&(973.312,514.875)
(379,882.812)&(380.5,883.125)
(879.375,206.062)&(849.188,205.5)
(398.062,857.312)&(398.562,858)
(305.5,260.5)&(312.938,259.938)
(373.188,307.375)&(375.5,307.438)
(421.938,575.875)&(420.625,576.062)
(874.25,504.375)&(845.5,505.062)
(543.25,155.5)&(535.5,156.125)
(412.312,47.9375)&(412.562,47.6875)
(755.125,808.438)&(733.875,809)
(806.25,743.312)&(783.188,743.062)
(558.875,508.312)&(549.312,508.438)
(803,249.938)&(780.25,249.812)
(479.562,722.5)&(474.875,722.438)
(145.062,859.938)&(161.312,860.062)
(375.562,175.375)&(378.312,175.75)
(427.375,989.188)&(427.25,989.312)
(294.25,32.1875)&(302.25,32.1875)
(900,580.625)&(883.438,577.188)
(423.812,356)&(437.25,356)
(305.75,709.125)&(326.375,708.625)
(425.25,391)&(440.062,390.562)
(513.938,860.75)&(500.438,862.125)
(513.938,860.75)&(500.438,862.125)
#