13 11
(416.688,355.75)&(430.312,355.438)
(378.188,882.688)&(379.562,883)
(416.688,355.75)&(430.312,355.438)
(398.062,857.5)&(398.375,857.625)
(364.812,32.1875)&(387.625,28)
(419.312,390.875)&(433.312,390.312)
(761.438,503.562)&(753.938,504.062)
(632.062,436.875)&(633.438,436.812)
(817.125,309.938)&(807.688,309.938)
(818.188,743.625)&(794.812,743.062)
(534.25,398)&(540.312,396.875)
(734.75,492.5)&(728.562,492.625)
(764.5,808.312)&(745.125,808.75)
(744.562,111.688)&(739.125,112)
(446.312,464.75)&(458.062,464.688)
(510.562,269.312)&(519.438,269.938)
(722.812,528.438)&(717.938,529.062)
(508.5,861.562)&(503.25,862.125)
(508.438,107.438)&(516.688,107.375)
(137.5,859.812)&(152.688,859.812)
(541.562,325.625)&(547.25,326.688)
(556.375,112.562)&(561.875,112.625)
(511.125,28.375)&(519.75,28.375)
(844.688,487.688)&(832.938,487.875)
(546.25,64.9375)&(552.438,64.75)
(750.688,479.25)&(742.938,479.438)
(141.75,548.75)&(170.312,549.312)
(159.375,447.125)&(187.312,447.25)
(82.8125,528.75)&(115.625,527.938)
(296.438,710.188)&(315.938,709.125)
(934.188,448.188)&(902.938,448.25)
(754.438,664.062)&(746.812,664.5)
(916.188,264.562)&(886.125,264.562)
(296.438,710.188)&(315.938,709.125)
(302.5,260.312)&(309.188,260.5)
(893.875,207.688)&(864.688,205.562)
(153.562,712.312)&(181.938,711.875)
(372.75,307.375)&(374.062,307.312)
(814.562,249.625)&(791.75,250.062)
(547.5,155.562)&(538.938,155.688)
(412.5,47.9375)&(412.188,48)
(559,683.438)&(563.75,683.062)
(363,660.875)&(380,661)
(887.5,504.062)&(860.375,504.75)
(374.938,175.438)&(376.688,175.438)
(754.438,664.062)&(746.812,664.5)
(290.562,31.8125)&(298.062,32.125)
(42.0625,615.562)&(63.0625,615.562)
(907.812,581.562)&(894,581.188)
(481.688,722.125)&(477.062,722.312)
(422.812,576.375)&(420.812,575.938)
(636.812,506.188)&(632.75,511.438)
(563.625,508.312)&(554.125,508.438)
#