14 12
(484.062,722.688)&(479.562,722.5)
(914.188,580)&(900,580.625)
(520.125,860.875)&(513.938,860.75)
(378.062,882.688)&(379,882.812)
(914.188,580.062)&(900,580.625)
(363.812,27.6875)&(372.625,32.375)
(914.188,580.062)&(900,580.625)
(300.625,260.125)&(305.5,260.5)
(398.312,857.5)&(398.062,857.312)
(755.375,664.125)&(750.938,664.625)
(423.312,576)&(421.938,575.875)
(765.062,502.938)&(758.062,504.375)
(542.5,64.75)&(549.438,64.8125)
(631.188,437.188)&(632.938,437.125)
(822,310.438)&(812.938,310.062)
(635.938,506.625)&(636.375,506.75)
(755.375,664.125)&(750.938,664.625)
(724.5,528.188)&(720.5,528.875)
(503.75,107)&(512.625,107.438)
(397.75,92.3125)&(411.438,92.5625)
(553.5,112.375)&(558.688,112.625)
(849.312,488.125)&(838.625,487.562)
(752.5,479.312)&(746.75,479.562)
(705.125,325.5)&(703.312,325.188)
(484.062,722.688)&(479.562,722.5)
(665.625,214.312)&(666,214.25)
(538.562,325.812)&(544.75,326.375)
(507.25,28.4375)&(515.375,28.125)
(354.812,661.062)&(371.5,661.188)
(949.562,447.938)&(918.5,448.125)
(287.375,711.875)&(305.75,709.125)
(139.375,712.75)&(167.25,712.125)
(931.062,265.438)&(901.25,264.75)
(900.375,504.188)&(874.25,504.375)
(354.812,661.062)&(371.5,661.188)
(826.312,249.312)&(803,249.938)
(906.875,207.562)&(879.375,206.062)
(412.438,47.75)&(412.312,47.9375)
(287.188,32.125)&(294.25,32.1875)
(374.375,175.312)&(375.562,175.375)
(127.562,548.688)&(156,548.75)
(32.5625,615.5)&(52.1875,615.562)
(413.438,391.25)&(425.25,391)
(774.188,808.375)&(755.125,808.438)
(410.438,356.188)&(423.812,356)
(440.5,464.312)&(451.688,464.438)
(130.562,859.875)&(145.062,859.938)
(914.188,580.062)&(900,580.625)
(378.062,882.688)&(379,882.812)
(520.125,860.875)&(513.938,860.75)
(914.188,580)&(900,580.625)
(568.062,508.438)&(558.875,508.312)
(146.125,447.062)&(177.562,457.75)
(372.25,307.25)&(373.188,307.375)
(568.062,508.438)&(558.875,508.312)
(146.125,447.062)&(177.562,457.75)
(372.25,307.25)&(373.188,307.375)
(568.062,508.438)&(558.875,508.312)
(372.25,307.25)&(373.188,307.375)
#