15 13
(522.875,862)&(516.812,861.125)
(919.312,578.812)&(907.812,581.562)
(356.062,27.6875)&(364.812,32.1875)
(919.312,578.812)&(907.812,581.562)
(378.062,882.5)&(378.188,882.688)
(424.375,575.938)&(422.812,576.375)
(726.188,528)&(722.812,528.438)
(514.688,863.062)&(508.5,861.562)
(486.625,722.875)&(481.688,722.125)
(398.25,857.562)&(398.062,857.5)
(766.188,504.875)&(761.438,503.562)
(502.938,269.188)&(510.562,269.312)
(634.75,506.312)&(636.812,506.188)
(757.938,664.5)&(754.438,664.062)
(551,112.25)&(556.375,112.562)
(535.188,326.312)&(541.562,325.625)
(499.812,106.875)&(508.438,107.438)
(539.438,65)&(546.25,64.9375)
(299.062,260.438)&(302.5,260.312)
(630.938,437)&(632.062,436.875)
(854.75,488.125)&(844.688,487.688)
(754,479.25)&(750.688,479.25)
(502.812,28.25)&(511.125,28.375)
(278.125,712.125)&(296.438,710.188)
(278.125,712.125)&(296.438,710.188)
(126.188,712.5)&(153.562,712.312)
(347.062,661.188)&(363,660.875)
(920,207.875)&(893.875,207.688)
(553.375,683.812)&(559,683.438)
(555.375,155.188)&(547.5,155.562)
(412.625,47.6875)&(412.5,47.9375)
(284.938,31.75)&(290.562,31.8125)
(373.688,175.188)&(374.938,175.438)
(52.25,528.625)&(82.8125,528.75)
(114.375,548.938)&(141.75,548.75)
(34.75,639.062)&(58.4375,639.188)
(404.062,356.562)&(416.688,355.75)
(944.875,265.188)&(916.188,264.562)
(963.25,448.312)&(934.188,448.188)
(407.062,391.812)&(419.312,390.875)
(913,504.5)&(887.5,504.062)
(572.188,508.5)&(563.625,508.312)
(123.812,859.812)&(137.5,859.812)
(749.125,111.375)&(744.562,111.688)
(133.375,447.312)&(159.375,447.125)
(378.062,882.5)&(378.188,882.688)
(919.312,578.812)&(907.812,581.562)
(356.062,27.6875)&(364.812,32.1875)
(919.312,578.812)&(907.812,581.562)
(837.812,249.5)&(814.562,249.625)
(23.8125,615.688)&(42.0625,615.562)
(837.812,249.5)&(814.562,249.625)
(23.8125,615.688)&(42.0625,615.562)
(837.812,249.5)&(814.562,249.625)
(23.8125,615.688)&(42.0625,615.562)
#