14 16
(473.25,574.312)&(472.125,574)
(914.188,580)&(925.062,578.438)
(32.5625,615.5)&(16,615.875)
(378.062,882.688)&(377.938,882.75)
(914.188,580.062)&(925.062,578.438)
(363.812,27.6875)&(349.438,27.4375)
(914.188,580.062)&(925.062,578.438)
(398.312,857.5)&(398.188,857.812)
(755.375,664.125)&(764.938,663.562)
(765.062,502.938)&(768.125,504.562)
(542.5,64.75)&(536.125,64.9375)
(631.188,437.188)&(630.312,437)
(822,310.438)&(828,310.062)
(635.938,506.625)&(633.938,506.688)
(755.375,664.125)&(764.938,663.562)
(503.75,107)&(496,106.875)
(397.75,92.3125)&(384.688,91.5)
(511.625,862)&(518.25,862.562)
(553.5,112.375)&(548.25,112)
(849.312,488.125)&(859.5,488.25)
(752.5,479.312)&(756,479.375)
(705.125,325.5)&(707.875,325.375)
(665.625,214.312)&(666.188,214.812)
(130.562,859.875)&(117.125,860.188)
(538.562,325.812)&(532.188,326.688)
(507.25,28.4375)&(498.938,28.25)
(506.562,268.875)&(498.125,269.438)
(46.25,640.25)&(22.9375,639)
(949.562,447.938)&(976.938,448.5)
(287.375,711.875)&(269.188,712.625)
(139.375,712.75)&(113.438,712.688)
(931.062,265.438)&(958.062,264.875)
(900.375,504.188)&(925.25,504.625)
(372.25,307.25)&(371.625,307.125)
(651.688,516.25)&(664.062,516)
(826.312,249.312)&(848,250.438)
(906.875,207.562)&(932.375,207.25)
(412.438,47.75)&(412.938,47.3125)
(287.188,32.125)&(282.375,31.75)
(568.062,508.438)&(576.125,508.375)
(374.375,175.312)&(373,175.312)
(127.562,548.688)&(101.688,548.938)
(46.5625,667.562)&(24.25,667.125)
(484.062,722.688)&(489.75,723.375)
(413.438,391.25)&(400.25,391.062)
(774.188,808.375)&(795.188,809.375)
(410.438,356.188)&(397.75,356.688)
(440.5,464.312)&(429.688,464.25)
(484.062,722.688)&(489.75,723.375)
(914.188,580.062)&(925.062,578.438)
(378.062,882.688)&(377.938,882.75)
(32.5625,615.5)&(16,615.875)
(914.188,580)&(925.062,578.438)
(556,683.5)&(550.875,683.688)
(300.625,260.125)&(298.188,259.312)
(556,683.5)&(550.875,683.688)
(300.625,260.125)&(298.188,259.312)
(556,683.5)&(550.875,683.688)
(300.625,260.125)&(298.188,259.312)
#