15 17
(522.875,862)&(520.562,862.375)
(278.125,712.125)&(259.938,712.688)
(278.125,712.125)&(259.938,712.688)
(356.062,27.6875)&(342.25,27.375)
(404.062,356.562)&(391.188,355.75)
(944.875,265.188)&(970.25,264.688)
(963.25,448.312)&(990.188,447.812)
(514.688,863.062)&(520.562,862.375)
(126.188,712.5)&(101.562,713)
(407.062,391.812)&(394.188,390.812)
(347.062,661.188)&(331.938,661)
(920,207.875)&(944.25,206.688)
(913,504.5)&(937.375,504.812)
(502.938,269.188)&(494.625,269.375)
(435,464.375)&(423.812,464.062)
(551,112.25)&(544.75,112.188)
(535.188,326.312)&(528.312,326)
(539.438,65)&(533.438,65)
(52.25,528.625)&(23.6875,528.688)
(502.812,28.25)&(494.812,27.9375)
(114.375,548.938)&(89.3125,548.938)
(133.375,447.312)&(109.562,447.375)
(919.312,578.812)&(929.938,577.812)
(919.312,578.812)&(929.938,577.812)
(378.062,882.5)&(377.75,883.375)
(424.375,575.938)&(426.625,576.125)
(486.625,722.875)&(491.938,723.375)
(398.25,857.562)&(398.188,858)
(766.188,504.875)&(770.25,505.062)
(371.875,307.188)&(371.625,307.438)
(412.625,47.6875)&(413.688,47.3125)
(284.938,31.75)&(280.25,31.625)
(634.75,506.312)&(633.375,506.875)
(373.688,175.188)&(372.562,175.438)
(299.062,260.438)&(296.25,259.375)
(749.125,111.375)&(751.875,112.062)
(854.75,488.125)&(862.875,488.688)
(706.438,325.5)&(708.938,325.188)
(754,479.25)&(758.312,479.375)
(34.75,639.062)&(13.125,639.875)
(657.688,515.562)&(670.062,515.562)
(837.812,249.5)&(858.625,249.75)
(572.188,508.5)&(580.688,508.562)
(123.812,859.812)&(111.875,860.375)
(404.062,356.562)&(391.188,355.75)
(356.062,27.6875)&(342.25,27.375)
(278.125,712.125)&(259.938,712.688)
(278.125,712.125)&(259.938,712.688)
(630.938,437)&(629.25,437)
(553.375,683.812)&(547.938,683.25)
(630.938,437)&(629.25,437)
(553.375,683.812)&(547.938,683.25)
(630.938,437)&(629.25,437)
(553.375,683.812)&(547.938,683.25)
#