18 16
(385.438,355.875)&(397.75,356.688)
(936,579.25)&(925.062,578.438)
(771.25,505.938)&(768.125,504.562)
(250.625,712)&(269.188,712.625)
(936,579.25)&(925.062,578.438)
(385.438,355.875)&(397.75,356.688)
(956.062,206.625)&(932.375,207.25)
(771.25,505.938)&(768.125,504.562)
(981.938,264.812)&(958.062,264.875)
(89.6875,712.688)&(113.438,712.688)
(278.75,31.875)&(282.375,31.75)
(768.438,664.062)&(764.938,663.562)
(835.438,310.25)&(828,310.062)
(388.375,390.938)&(400.25,391.062)
(544.875,683)&(550.875,683.688)
(324.188,661.375)&(339.5,661.188)
(631.312,506.562)&(633.938,506.688)
(101.75,457.875)&(124.812,457.625)
(418.438,464.312)&(429.688,464.25)
(760,479.25)&(756,479.375)
(414.562,47.5625)&(412.938,47.3125)
(627.875,437.125)&(630.312,437)
(866.438,488.75)&(859.5,488.25)
(76.9375,549.188)&(101.688,548.938)
(1002.75,448.312)&(976.938,448.5)
(399.125,858.062)&(398.188,857.812)
(490.5,269.062)&(498.125,269.438)
(948.938,504.688)&(925.25,504.625)
(427.875,576.062)&(425.375,576.125)
(665.188,215.125)&(666.188,214.812)
(494.5,723.312)&(489.75,723.375)
(487.688,106.562)&(496,106.875)
(107.438,860.562)&(117.125,860.188)
(675.438,515.812)&(664.062,516)
(541.75,112.25)&(548.25,112)
(523.625,862.812)&(518.25,862.562)
(377.438,883)&(377.938,882.75)
(813,809.438)&(795.188,809.375)
(753.625,112.25)&(750.688,112.25)
(490.562,27.5)&(498.938,28.25)
(585.062,509.062)&(576.125,508.375)
(530.375,65.125)&(536.125,64.9375)
(936,579.25)&(925.062,578.438)
(250.625,712)&(269.188,712.625)
(771.25,505.938)&(768.125,504.562)
(936,579.25)&(925.062,578.438)
(868.438,249.875)&(848,250.438)
(708.75,325)&(707.875,325.375)
(524.812,326.5)&(532.188,326.688)
(294.062,259.938)&(298.188,259.312)
(325.5,32.625)&(349.438,27.4375)
(371.812,307.688)&(371.625,307.125)
(868.438,249.875)&(848,250.438)
(708.75,325)&(707.875,325.375)
(524.812,326.5)&(532.188,326.688)
(294.062,259.938)&(298.188,259.312)
(325.5,32.625)&(349.438,27.4375)
(371.812,307.688)&(371.625,307.125)
#