9 8
(337.438,708.938)&(348.688,709.188)
(381.688,882.75)&(383.188,883)
(835.312,206.125)&(820.25,206.188)
(443.688,355.688)&(451.875,355.625)
(871.25,448.375)&(853.875,448.812)
(855.125,264.875)&(838.438,264.438)
(1002.5,433.312)&(980.812,433.312)
(954.125,514.688)&(933.438,515.312)
(381.688,882.75)&(383.188,883)
(770,742.625)&(755.875,742.375)
(398.812,858)&(399.625,857.812)
(446.312,390.875)&(452.75,391.312)
(337.438,708.938)&(348.688,709.188)
(404.688,28.75)&(413.625,28.75)
(503.875,860.438)&(501.438,859.875)
(633.062,436.562)&(633.5,437.125)
(722.062,492)&(719.625,492.812)
(569.188,682.75)&(571.438,682.375)
(443.688,355.688)&(451.875,355.625)
(820.438,487.938)&(813.312,487.75)
(835.25,205.688)&(820.25,206.188)
(299.188,160.625)&(311.625,160.75)
(149.688,528.062)&(167.625,528.375)
(397.062,660.562)&(406.062,660.875)
(527.688,28)&(531.938,27.5625)
(470.688,464.875)&(475.625,464.75)
(712.625,529.312)&(710.062,529.062)
(617.25,516.938)&(609.562,517.562)
(557.938,65.375)&(561.125,65.4375)
(731.938,111.75)&(727.562,111.5)
(527.25,269.875)&(531,269.25)
(663.125,214.812)&(662.875,214.625)
(212.438,712.75)&(227.688,713)
(696.25,325.188)&(694.188,325.625)
(747.062,502.438)&(742.438,503.875)
(796.25,310.812)&(789.938,309.438)
(553.938,326.062)&(556.75,326)
(736.312,478.938)&(732.5,479.875)
(567.438,112.688)&(569.938,113.125)
(204.812,503.75)&(220.812,503.938)
(434.25,92.9375)&(441.625,92.8125)
(215.938,447.562)&(230.938,447.5)
(722.25,808.875)&(712.062,808.688)
(525,107.062)&(529.562,106.938)
(741.25,664.188)&(737.25,664.125)
(547.312,397.438)&(550.438,397.625)
(202.125,548.688)&(218,548.75)
(427.5,989.25)&(427.438,988.938)
(491.875,926.562)&(497.375,926.375)
(148.375,935.562)&(166.125,935.375)
(86,615.5)&(97.5625,615.688)
(878.375,587.562)&(865.062,577.438)
(473.938,130.625)&(471.812,130.812)
(473.312,722.375)&(470.5,722.375)
(306.25,32.875)&(310.188,33.375)
(315.938,260.812)&(320.312,260.875)
(376.438,307.375)&(377.938,307.438)
(412.938,47.8125)&(413.375,48)
(34.875,539.938)&(49.1875,541.062)
(545.25,508.25)&(540.25,508.375)
(420.375,576)&(419.938,576)
(170.125,859.812)&(179.438,860.188)
(768.25,250.062)&(754.875,249.938)
(532,156.312)&(527.75,155.875)
(379.75,175.812)&(381.25,175.625)
(871.25,448.375)&(853.875,448.812)
(443.688,355.688)&(451.875,355.625)
(835.312,206.125)&(820.25,206.188)
(381.688,882.75)&(383.188,883)
(726.75,574.875)&(724.188,574.5)
(634.312,508.875)&(637.312,507.375)
(726.75,574.875)&(724.188,574.5)
(634.312,508.875)&(637.312,507.375)
#