17 19
(426.625,576.125)&(429.312,576.125)
(929.938,577.812)&(940.5,580.062)
(770.25,505.062)&(771.75,506.188)
(342.25,27.375)&(327.75,26.875)
(929.938,577.812)&(940.5,580.062)
(494.625,269.375)&(486.25,269)
(770.25,505.062)&(771.75,506.188)
(398.188,858)&(400.25,857.688)
(831.625,310.25)&(837.875,310.75)
(520.375,397.812)&(514.188,397.875)
(491.938,723.375)&(497.312,723.125)
(528.312,326)&(521.812,326.875)
(520.562,862.375)&(526.062,862.875)
(544.75,112.188)&(538.938,112.375)
(426.625,576.125)&(429.312,576.125)
(111.875,860.375)&(102.875,860.438)
(708.938,325.188)&(708.688,325.875)
(741.438,493.125)&(742.938,493.812)
(629.25,437)&(626.438,437.375)
(377.75,883.375)&(378,882.875)
(758.312,479.375)&(761.312,479.438)
(862.875,488.688)&(869.625,488.625)
(533.438,65)&(526.938,64.8125)
(494.812,27.9375)&(485.688,27.25)
(944.25,206.688)&(966.562,205.938)
(259.938,712.688)&(242.062,711.188)
(944.25,206.688)&(966.562,205.938)
(970.25,264.688)&(993.375,264.75)
(331.938,661)&(317.25,661.438)
(101.562,713)&(78.625,712.562)
(112.812,457.75)&(91.125,457.625)
(280.25,31.625)&(276.938,31.875)
(858.625,249.75)&(877.188,250.125)
(547.938,683.25)&(542,683.25)
(423.812,464.062)&(413.125,464.562)
(372.562,175.438)&(372.875,175.562)
(413.688,47.3125)&(415.75,47.625)
(89.3125,548.938)&(65.3125,549.25)
(391.188,355.75)&(379,355.688)
(391.188,355.75)&(379,355.688)
(937.375,504.812)&(959.688,504.375)
(394.188,390.812)&(382.25,390.875)
(670.062,515.562)&(680.875,515.5)
(751.875,112.062)&(755.438,112.438)
(803.938,809.5)&(821,809.438)
(633.375,506.875)&(627.75,510.062)
(934.438,585.5)&(940.5,580.062)
(296.25,259.375)&(293.062,259.688)
(371.625,307.438)&(371.688,307.75)
(633.375,506.875)&(627.75,510.062)
(929.938,577.812)&(940.5,580.062)
(342.25,27.375)&(327.75,26.875)
(770.25,505.062)&(771.75,506.188)
(929.938,577.812)&(940.5,580.062)
(580.688,508.562)&(589.25,509.25)
(580.688,508.562)&(589.25,509.25)
(580.688,508.562)&(589.25,509.25)
(580.688,508.562)&(589.25,509.25)
#