18 20
(385.438,355.875)&(374.25,357.125)
(936,579.25)&(945.75,582.312)
(771.25,505.938)&(772.938,505.875)
(250.625,712)&(233.125,710.25)
(936,579.25)&(945.75,582.312)
(385.438,355.875)&(374.25,357.125)
(490.5,269.062)&(483.125,269.562)
(325.5,32.625)&(312.25,32.4375)
(771.25,505.938)&(772.938,505.875)
(89.6875,712.688)&(67.8125,712.5)
(835.438,310.25)&(840.625,310.312)
(388.375,390.938)&(377.312,391.375)
(524.812,326.5)&(518.188,326.438)
(544.875,683)&(539.25,683.125)
(324.188,661.375)&(310.938,661.438)
(708.75,325)&(709.188,326.25)
(517.062,397.562)&(511,397.875)
(665.188,215.125)&(663.938,215.438)
(487.688,106.562)&(480,106.625)
(541.75,112.25)&(535.375,112.438)
(447.125,926.688)&(438.312,927.062)
(631.312,506.562)&(626.625,509.688)
(101.75,457.875)&(80.75,457.75)
(418.438,464.312)&(407.938,464.625)
(753.625,112.25)&(756.375,111.688)
(760,479.25)&(761.562,479.062)
(490.562,27.5)&(481.312,27.625)
(530.375,65.125)&(523.312,64.875)
(627.875,437.125)&(625.688,436.875)
(866.438,488.75)&(871.875,488.188)
(76.9375,549.188)&(53.8125,549.25)
(532.875,861.188)&(538.875,861.438)
(399.125,858.062)&(400.938,857.438)
(371.812,307.688)&(372.188,307.562)
(956.062,206.625)&(977,206.625)
(294.062,259.938)&(291.75,259.688)
(948.938,504.688)&(970.25,504.938)
(981.938,264.812)&(1004.12,265)
(427.875,576.062)&(430.812,576.062)
(278.75,31.875)&(275.25,31.6875)
(868.438,249.875)&(886,250)
(494.5,723.312)&(500.062,723.125)
(107.438,860.562)&(98.5,860.25)
(675.438,515.812)&(686.812,515.75)
(377.438,883)&(379.062,882.875)
(567.375,155.5)&(574.875,154.812)
(813,809.438)&(828.562,809.375)
(372.75,175.375)&(373.312,175.5)
(585.062,509.062)&(593.188,509.188)
(414.562,47.5625)&(416.375,47.625)
(936,579.25)&(945.75,582.312)
(250.625,712)&(233.125,710.25)
(771.25,505.938)&(772.938,505.875)
(936,579.25)&(945.75,582.312)
(312.625,415.875)&(290.312,419.562)
(312.625,415.875)&(290.312,419.562)
#