21 19
(402.75,464.875)&(413.125,464.562)
(225.062,709.438)&(242.062,711.188)
(314.438,26.9375)&(327.75,26.875)
(627.625,506.25)&(627.75,510.062)
(478.875,268.875)&(486.25,269)
(225.062,709.438)&(242.062,711.188)
(71.0625,457.938)&(91.125,457.625)
(773.875,505.875)&(771.75,506.188)
(949.812,583)&(940.5,580.062)
(841.375,310.188)&(837.875,310.75)
(369.25,357.75)&(379,355.688)
(304.25,661.75)&(317.25,661.438)
(57.5625,712.75)&(78.625,712.562)
(532.438,112.312)&(538.938,112.375)
(507.438,397.625)&(514.188,397.875)
(477.5,27.9375)&(485.688,27.25)
(371.938,391.75)&(382.25,390.875)
(708.625,326.188)&(708.688,325.875)
(662.688,215.375)&(664.688,215.312)
(873.875,488)&(869.625,488.625)
(624.062,437.562)&(626.438,437.375)
(535.938,683.438)&(542,683.25)
(532.062,862.75)&(535.688,861.625)
(519.875,64.875)&(526.938,64.8125)
(515.25,326.688)&(521.812,326.875)
(756.438,111.5)&(755.438,112.438)
(43.0625,549)&(65.3125,549.25)
(402.75,464.875)&(413.125,464.562)
(176.188,159.688)&(193.062,159.938)
(761.75,478.688)&(761.312,479.438)
(433.875,927.312)&(442.375,927.188)
(980.5,505.688)&(959.688,504.375)
(291.75,259.375)&(293.062,259.688)
(432.688,576)&(429.312,576.125)
(986.75,206.688)&(966.562,205.938)
(373.125,307.625)&(371.688,307.75)
(291.75,259.375)&(293.062,259.688)
(894.875,249.938)&(877.188,250.125)
(274.062,31.25)&(276.938,31.875)
(692.25,515.875)&(680.875,515.5)
(578.562,154.875)&(571.188,155)
(401.75,857.688)&(400.25,857.688)
(898.875,742.625)&(881.312,743.25)
(94.875,860.438)&(102.875,860.438)
(379.812,882.875)&(378,882.875)
(417.438,47.625)&(415.75,47.625)
(502.625,723.125)&(497.312,723.125)
(436.188,989.688)&(433.875,989.375)
(373.438,175.625)&(372.875,175.562)
(478.875,268.875)&(486.25,269)
(627.625,506.25)&(627.75,510.062)
(314.438,26.9375)&(327.75,26.875)
(225.062,709.438)&(242.062,711.188)
(764.688,665.125)&(768.562,664.188)
(764.688,665.125)&(768.562,664.188)
#