22 20
(953.812,585.938)&(945.75,582.312)
(219,710.562)&(233.125,710.25)
(346.562,91.75)&(357.812,91.75)
(474.188,268.688)&(483.125,269.562)
(366.062,391.188)&(377.312,391.375)
(297.5,661.812)&(310.938,661.438)
(299.188,32.8125)&(312.25,32.4375)
(48.0625,712.688)&(67.8125,712.5)
(775,505.438)&(772.938,505.875)
(843,310.562)&(840.625,310.312)
(626.312,507.562)&(626.625,509.688)
(363.312,357.188)&(374.25,357.125)
(750.562,575.562)&(750,575.75)
(503.75,397.875)&(511,397.875)
(473.375,27.875)&(481.312,27.625)
(512.938,326.688)&(518.188,326.438)
(529.375,112.188)&(535.375,112.438)
(533.5,683.938)&(539.25,683.125)
(876.062,488.125)&(871.875,488.188)
(756.312,112.062)&(756.375,111.688)
(707.625,325.562)&(709.188,326.25)
(661.438,214.938)&(663.938,215.438)
(437.625,989.75)&(435.188,989.562)
(516.562,64.9375)&(523.312,64.875)
(621.875,437.938)&(625.688,436.875)
(167.562,159.75)&(184.5,160)
(32.875,549)&(53.8125,549.25)
(398,464.875)&(407.938,464.625)
(761.812,479.125)&(761.562,479.062)
(505.375,723.062)&(500.062,723.125)
(996,206.812)&(977,206.625)
(434.5,576.125)&(430.812,576.062)
(374.375,307.688)&(372.188,307.562)
(290.875,260.5)&(291.75,259.688)
(273.188,31.3125)&(275.25,31.6875)
(697.375,515.375)&(686.812,515.75)
(902.625,250.062)&(886,250)
(907.438,743.188)&(890.688,743.188)
(581.75,154.75)&(574.875,154.812)
(402.875,857.562)&(400.938,857.438)
(843.188,809.438)&(828.562,809.375)
(91.75,860.875)&(98.5,860.25)
(418.312,47.5)&(416.375,47.625)
(380.5,882.812)&(379.062,882.875)
(374.125,175.688)&(373.312,175.5)
(505.375,723.062)&(500.062,723.125)
(366.062,391.188)&(377.312,391.375)
(474.188,268.688)&(483.125,269.562)
(346.562,91.75)&(357.812,91.75)
(219,710.562)&(233.125,710.25)
(56.875,447.625)&(80.75,457.75)
(429.688,927)&(438.312,927.062)
(56.875,447.625)&(80.75,457.75)
(429.688,927)&(438.312,927.062)
#