21 23
(402.75,464.875)&(393.5,464.688)
(225.062,709.438)&(211.875,710.375)
(314.438,26.9375)&(302.812,27.5)
(627.625,506.25)&(624.438,507.562)
(478.875,268.875)&(470.562,268.312)
(225.062,709.438)&(211.875,710.375)
(352.125,92.1875)&(341.375,91.75)
(764.688,665.125)&(771.25,664.562)
(305.75,32.625)&(292.875,32.5625)
(773.875,505.875)&(774.688,506.062)
(949.812,583)&(954.688,582.438)
(841.375,310.188)&(844.062,310.688)
(369.25,357.75)&(357.312,356.562)
(304.25,661.75)&(291.625,661.25)
(57.5625,712.75)&(38.5625,712.688)
(532.438,112.312)&(526.375,111.875)
(507.438,397.625)&(500.688,398.312)
(477.5,27.9375)&(469.5,28.0625)
(371.938,391.75)&(361.25,391.188)
(708.625,326.188)&(707.438,325.688)
(662.688,215.375)&(660.562,215.375)
(873.875,488)&(877.5,488.312)
(624.062,437.562)&(619.875,438.062)
(519.875,64.875)&(513.562,64.875)
(750.312,576.188)&(750.562,574.812)
(515.25,326.688)&(510.062,327)
(756.438,111.5)&(756.062,112.875)
(43.0625,549)&(23.6875,549.375)
(402.75,464.875)&(393.5,464.688)
(176.188,159.688)&(160.25,159.562)
(761.75,478.688)&(761.75,479.25)
(433.875,927.312)&(425.312,927.25)
(980.5,505.688)&(999.25,505.688)
(291.75,259.375)&(291.125,260.125)
(432.688,576)&(436.625,576.375)
(986.75,206.688)&(1004.06,205.688)
(373.125,307.625)&(375.312,307.375)
(291.75,259.375)&(291.125,260.125)
(894.875,249.938)&(909.688,250.312)
(274.062,31.25)&(272.625,31.3125)
(692.25,515.875)&(702.875,515.562)
(578.562,154.875)&(584.875,154.875)
(401.75,857.688)&(404.312,857.625)
(898.875,742.625)&(915.062,742.875)
(94.875,860.438)&(89.0625,860.75)
(379.812,882.875)&(381.938,883.062)
(417.438,47.625)&(419.5,47.4375)
(502.625,723.125)&(507.875,723.062)
(436.188,989.688)&(439.5,989.5)
(373.438,175.625)&(374.938,175.562)
(478.875,268.875)&(470.562,268.312)
(627.625,506.25)&(624.438,507.562)
(314.438,26.9375)&(302.812,27.5)
(225.062,709.438)&(211.875,710.375)
(532.062,862.75)&(548.438,861.062)
(71.0625,457.938)&(48.25,447.5)
(532.062,862.75)&(548.438,861.062)
(71.0625,457.938)&(48.25,447.5)
#