22 24
(308.375,27.0625)&(296.875,27.1875)
(772.812,665)&(770.688,664.25)
(219,710.562)&(204.125,709.875)
(346.562,91.75)&(335.438,91.3125)
(474.188,268.688)&(467.625,268.375)
(366.062,391.188)&(356.125,390.938)
(766.125,665)&(770.688,664.25)
(297.5,661.812)&(286.125,660.75)
(299.188,32.8125)&(287,32.4375)
(48.0625,712.688)&(29.9375,712.75)
(775,505.438)&(774.438,506.5)
(843,310.562)&(845.125,310.188)
(626.312,507.562)&(622.75,506.25)
(363.312,357.188)&(353.188,356.75)
(731,528.688)&(729.438,529)
(750.562,575.562)&(751.125,575.062)
(503.75,397.875)&(496.875,398.438)
(473.375,27.875)&(465.25,27.6875)
(512.938,326.688)&(506.688,326.875)
(529.375,112.188)&(523.312,111.875)
(533.5,683.938)&(526.688,683.312)
(876.062,488.125)&(878.75,488.688)
(756.312,112.062)&(755.625,112.938)
(707.625,325.562)&(706.75,325.562)
(661.438,214.938)&(658.938,215.312)
(516.562,64.9375)&(510.125,65)
(621.875,437.938)&(618.188,437.438)
(167.562,159.75)&(153.75,159.25)
(32.875,549)&(15.0625,549.188)
(398,464.875)&(388.938,465)
(761.812,479.125)&(761.625,479.625)
(429.688,927)&(420.75,927.375)
(56.875,447.625)&(40.125,447.688)
(505.375,723.062)&(510.562,723.062)
(996,206.812)&(1012.44,205.938)
(434.5,576.125)&(438.5,576.438)
(374.375,307.688)&(376.312,307.438)
(290.875,260.5)&(291.625,259.875)
(273.188,31.3125)&(272.312,31.25)
(697.375,515.375)&(707.812,515.562)
(902.625,250.062)&(916.375,250.312)
(907.438,743.188)&(922.5,742.938)
(581.75,154.75)&(588.375,155.562)
(402.875,857.562)&(405.688,857.625)
(91.75,860.875)&(86.6875,860.812)
(418.312,47.5)&(420.938,47.3125)
(380.5,882.812)&(382.812,883.188)
(437.625,989.75)&(441.312,989)
(374.125,175.688)&(376.188,175.312)
(505.375,723.062)&(510.562,723.062)
(474.188,268.688)&(467.625,268.375)
(346.562,91.75)&(335.438,91.3125)
(219,710.562)&(204.125,709.875)
(772.812,665)&(770.688,664.25)
(953.812,585.938)&(953.688,578.938)
(953.812,585.938)&(953.688,578.938)
#