25 23
(961.438,588.125)&(954.688,582.438)
(347.438,356)&(357.312,356.562)
(291.25,26.8125)&(302.812,27.5)
(742.062,492.875)&(743.188,492.938)
(844.5,310.062)&(844.062,310.688)
(384,883.125)&(381.938,883.062)
(773.812,506.5)&(774.688,506.062)
(554.312,861.75)&(548.438,861.062)
(463.938,268.75)&(470.562,268.312)
(330.5,91.125)&(341.375,91.75)
(407.562,857.875)&(404.312,857.625)
(656.438,215.062)&(660.562,215.375)
(760.875,480.062)&(761.75,479.25)
(615.875,437.562)&(619.875,438.062)
(459.875,106.812)&(467.625,106.938)
(571.75,876.125)&(565.125,875.438)
(879,488.5)&(877.5,488.312)
(351.812,390.625)&(361.25,391.188)
(84.8125,860.875)&(89.0625,860.75)
(519.812,112)&(526.375,111.875)
(493.125,398.188)&(500.688,398.312)
(705.375,325.625)&(707.438,325.688)
(754.625,112.625)&(756.062,112.875)
(384.562,464.938)&(393.5,464.688)
(750.438,575.25)&(750.562,574.812)
(502.438,326.438)&(510.062,327)
(461.562,28.125)&(469.5,28.0625)
(443.312,989.312)&(439.5,989.5)
(506.312,65.25)&(513.562,64.875)
(13.9375,503.312)&(30.1875,503.625)
(147.375,159.312)&(160.25,159.562)
(291.312,260.25)&(291.125,260.125)
(197.875,709.562)&(211.875,710.375)
(377.938,307.188)&(375.312,307.375)
(291.312,260.25)&(291.125,260.125)
(280.25,660.688)&(291.625,661.25)
(21.6875,712.562)&(38.5625,712.688)
(272.5,31.4375)&(272.625,31.3125)
(613.875,509)&(605,508.875)
(928.812,742.688)&(915.062,742.875)
(863.625,809.562)&(850.938,809.75)
(591.875,155.438)&(584.875,154.875)
(712.312,515.938)&(702.875,515.562)
(422.375,47.25)&(419.5,47.4375)
(417,927.125)&(425.312,927.25)
(377.438,175.125)&(374.938,175.562)
(844.5,310.062)&(844.062,310.688)
(742.062,492.875)&(743.188,492.938)
(291.25,26.8125)&(302.812,27.5)
(347.438,356)&(357.312,356.562)
(765.062,665.5)&(771.25,664.562)
(513.375,723)&(507.875,723.062)
(923.062,249.812)&(909.688,250.312)
(440.375,576.125)&(436.625,576.375)
(765.062,665.5)&(771.25,664.562)
(513.375,723)&(507.875,723.062)
(923.062,249.812)&(909.688,250.312)
(440.375,576.125)&(436.625,576.375)
#