26 24
(274.812,660.875)&(286.125,660.75)
(285.938,26.6875)&(296.875,27.1875)
(191.75,709.25)&(204.125,709.875)
(274.812,660.875)&(286.125,660.75)
(957.438,580.812)&(953.688,578.938)
(843.938,310.062)&(845.125,310.188)
(14.1875,712.062)&(29.9375,712.75)
(740.938,492.438)&(743.5,492.5)
(459.188,268.75)&(467.625,268.375)
(346.875,390.812)&(356.125,390.938)
(326,91.9375)&(335.438,91.3125)
(774.5,505.438)&(774.438,506.5)
(343.562,356.938)&(353.188,356.75)
(520.812,683.375)&(526.688,683.312)
(615.812,508.438)&(622.75,506.25)
(380.125,464.5)&(388.938,465)
(29.6875,457.375)&(44.8125,458.125)
(759.938,480)&(761.625,479.625)
(654.938,215.062)&(658.938,215.312)
(754,112.562)&(755.625,112.938)
(273.938,31.625)&(287,32.4375)
(727.875,528.812)&(729.438,529)
(879.188,488.625)&(878.75,488.688)
(456.5,106.875)&(464.188,107.062)
(516.5,112.062)&(523.312,111.875)
(457.5,27.5)&(465.25,27.6875)
(413.062,927)&(420.75,927.375)
(703.938,325.375)&(706.75,325.562)
(490.188,398)&(496.875,398.438)
(499.312,326.688)&(506.688,326.875)
(141,159.312)&(153.75,159.25)
(748.938,575.562)&(751.125,575.062)
(613.875,437.812)&(618.188,437.438)
(503,65.3125)&(510.125,65)
(379.125,306.812)&(376.312,307.438)
(291.125,260.438)&(291.625,259.875)
(556.875,862.375)&(551.438,861.5)
(379.125,306.812)&(376.312,307.438)
(442,576.062)&(438.5,576.438)
(385.312,883.625)&(382.812,883.188)
(515.75,722.75)&(510.562,723.062)
(574.312,876.062)&(568.875,876.125)
(929,249.938)&(916.375,250.312)
(934.875,743.062)&(922.5,742.938)
(291.125,260.438)&(291.625,259.875)
(84,860.75)&(86.6875,860.812)
(409.5,858)&(405.688,857.625)
(595,155.062)&(588.375,155.562)
(716.438,516)&(707.812,515.562)
(424.125,46.875)&(420.938,47.3125)
(445.188,989.688)&(441.312,989)
(378.625,175.125)&(376.188,175.312)
(957.438,580.812)&(953.688,578.938)
(274.812,660.875)&(286.125,660.75)
(191.75,709.25)&(204.125,709.875)
(285.938,26.6875)&(296.875,27.1875)
(764.062,666.438)&(770.688,664.25)
(764.062,666.438)&(770.688,664.25)
#