25 27
(347.438,356)&(338.625,356.562)
(291.25,26.8125)&(280.688,26.875)
(742.062,492.875)&(740,492.875)
(844.5,310.062)&(843.188,310.125)
(384,883.125)&(386.75,883.688)
(773.812,506.5)&(773.688,504.5)
(554.312,861.75)&(559.688,862.188)
(463.938,268.75)&(456.062,268.938)
(330.5,91.125)&(321.375,92)
(407.562,857.875)&(411,858)
(656.438,215.062)&(652.688,215)
(760.875,480.062)&(758.875,479.938)
(615.875,437.562)&(611.438,437.75)
(459.875,106.812)&(452.812,106.562)
(571.75,876.125)&(577.25,875.875)
(879,488.5)&(878.312,489)
(728.812,529)&(726.562,529.125)
(351.812,390.625)&(341.875,391.125)
(84.8125,860.875)&(83.6875,860.5)
(513.375,723)&(518.5,722.625)
(765.062,665.5)&(763.812,666.25)
(519.812,112)&(513.25,112.25)
(493.125,398.188)&(487.25,398.25)
(705.375,325.625)&(702.062,325.75)
(754.625,112.625)&(752.938,112.812)
(750.438,575.25)&(747.562,575.562)
(502.438,326.438)&(496.562,326.5)
(461.562,28.125)&(454.062,27.0625)
(443.312,989.312)&(447,989.812)
(506.312,65.25)&(499.812,65.125)
(147.375,159.312)&(134.875,159.312)
(291.312,260.25)&(292.562,260.125)
(197.875,709.562)&(186.875,709.812)
(377.938,307.188)&(380.875,307.125)
(291.312,260.25)&(292.562,260.125)
(280.25,660.688)&(270.25,661)
(272.5,31.4375)&(272.375,31.1875)
(613.875,509)&(617.875,507.188)
(923.062,249.812)&(934.438,250.125)
(928.812,742.688)&(940.688,743.688)
(863.625,809.562)&(874.188,809.5)
(591.875,155.438)&(598,155.188)
(712.312,515.938)&(719.75,516.188)
(422.375,47.25)&(425.5,46.9375)
(417,927.125)&(409.5,927.062)
(377.438,175.125)&(379.875,174.938)
(384,883.125)&(386.75,883.688)
(844.5,310.062)&(843.188,310.125)
(742.062,492.875)&(740,492.875)
(291.25,26.8125)&(280.688,26.875)
(384.562,464.938)&(375.75,464.25)
(523.75,683.625)&(518,683.25)
(961.438,588.125)&(956.312,580.312)
(384.562,464.938)&(375.75,464.25)
(523.75,683.625)&(518,683.25)
(961.438,588.125)&(956.312,580.312)
#