28 26
(265.625,660.938)&(274.812,660.875)
(772.062,504.312)&(774.5,505.438)
(610.562,509.312)&(615.812,508.438)
(333.5,355.312)&(343.562,356.938)
(954.938,580.188)&(957.438,580.812)
(333.5,355.312)&(343.562,356.938)
(181.75,709.312)&(191.75,709.25)
(954.938,580.188)&(957.438,580.812)
(761.75,666.125)&(764.062,666.438)
(274.438,29.3125)&(285.938,26.6875)
(265.625,660.938)&(274.812,660.875)
(610.562,509.312)&(615.812,508.438)
(453.25,268.938)&(459.188,268.75)
(738.062,492.438)&(740.938,492.438)
(372.312,464.125)&(380.125,464.5)
(316.875,92.3125)&(326,91.9375)
(772.062,504.312)&(774.5,505.438)
(649.688,214.875)&(654.938,215.062)
(514.812,683.25)&(520.812,683.375)
(496.188,65.125)&(503,65.3125)
(609.25,438)&(613.875,437.812)
(337.75,390.812)&(346.875,390.812)
(757.688,479.562)&(759.938,480)
(725,529.125)&(727.875,528.812)
(877.562,489.125)&(879.188,488.625)
(510,112.312)&(516.5,112.062)
(493.375,326.25)&(499.312,326.688)
(484.312,398.375)&(490.188,398)
(449.125,106.562)&(456.5,106.875)
(405.688,927)&(413.062,927)
(550.5,863.375)&(556.875,862.375)
(745.625,575.625)&(748.938,575.562)
(751.188,112.062)&(754,112.562)
(842.312,310.438)&(843.938,310.062)
(699.75,326.062)&(703.938,325.375)
(450.125,27.9375)&(457.5,27.5)
(521.25,722.812)&(515.75,722.75)
(382.812,307.062)&(379.125,306.812)
(446.75,575.75)&(442,576.062)
(388.562,883.312)&(385.312,883.625)
(515.375,129.688)&(511.062,130.562)
(412.562,857.688)&(409.5,858)
(945.562,743.812)&(934.875,743.062)
(83.875,860.25)&(84,860.75)
(878.375,809.812)&(869.562,809.75)
(939.25,250.312)&(929,249.938)
(600.688,155.188)&(595,155.062)
(723.312,516.438)&(716.438,516)
(427,47)&(424.125,46.875)
(381.25,174.812)&(378.625,175.125)
(580.375,876.062)&(574.312,876.062)
(449,989.75)&(445.188,989.688)
(954.938,580.188)&(957.438,580.812)
(333.5,355.312)&(343.562,356.938)
(610.562,509.312)&(615.812,508.438)
(772.062,504.312)&(774.5,505.438)
(299.312,255.188)&(291.125,260.438)
(299.312,255.188)&(291.125,260.438)
#