10 9
(887.5,587.5)&(878.375,587.562)
(380.5,883.125)&(381.688,882.75)
(440.062,390.562)&(446.312,390.875)
(398.562,858)&(398.812,858)
(750.625,502.688)&(747.062,502.438)
(388.312,660.312)&(397.062,660.562)
(633.312,437.188)&(633.062,436.562)
(634.688,507.938)&(634.312,508.875)
(566.188,683)&(569.188,682.75)
(523.5,270.125)&(527.25,269.875)
(326.375,708.625)&(337.438,708.938)
(464.25,464.688)&(470.688,464.875)
(500.438,862.125)&(503.875,860.438)
(801.188,310.062)&(796.25,310.812)
(735.625,112.125)&(731.938,111.75)
(74.125,615.438)&(86,615.5)
(827.125,487.812)&(820.438,487.938)
(474.875,722.438)&(473.312,722.375)
(302.25,32.1875)&(306.25,32.875)
(549.312,508.438)&(545.25,508.25)
(743.125,664.188)&(741.25,664.188)
(412.562,47.6875)&(412.938,47.8125)
(550.188,326.25)&(553.938,326.062)
(725.5,492.062)&(722.062,492)
(523.75,28.125)&(527.688,28)
(426.5,93.25)&(434.25,92.9375)
(197.062,712.25)&(212.438,712.75)
(715,529.188)&(712.625,529.312)
(740.125,479.062)&(736.312,478.938)
(186.688,549.25)&(202.125,548.688)
(132.188,528)&(149.688,528.062)
(437.25,356)&(443.688,355.688)
(201.938,447)&(215.938,447.562)
(420.625,576.062)&(420.375,576)
(554.875,65)&(557.938,65.375)
(189.375,503.688)&(204.812,503.75)
(664.688,214.25)&(663.125,214.812)
(535.5,156.125)&(532,156.312)
(698.688,325.062)&(696.25,325.188)
(564.75,112.562)&(567.438,112.688)
(21.375,539.125)&(34.875,539.938)
(161.312,860.062)&(170.125,859.812)
(731.062,575.125)&(726.75,574.875)
(544.312,397.188)&(547.312,397.438)
(520.438,107.312)&(525,107.062)
(378.312,175.75)&(379.75,175.812)
(427.25,989.312)&(427.5,989.25)
(312.938,259.938)&(315.938,260.812)
(973.312,514.875)&(954.125,514.688)
(870.312,264.812)&(855.125,264.875)
(849.188,205.5)&(835.25,205.688)
(783.188,743.062)&(770,742.625)
(312.938,259.938)&(315.938,260.812)
(887.812,448.25)&(871.25,448.375)
(375.5,307.438)&(376.438,307.375)
(733.875,809)&(722.25,808.875)
(780.25,249.812)&(768.25,250.062)
(750.625,502.688)&(747.062,502.438)
(398.562,858)&(398.812,858)
(440.062,390.562)&(446.312,390.875)
(380.5,883.125)&(381.688,882.75)
(391.938,31.5625)&(404.688,28.75)
(391.938,31.5625)&(404.688,28.75)
#