27 29
(338.625,356.562)&(329.125,355.75)
(280.688,26.875)&(273.625,29.0625)
(559.688,862.188)&(565.812,861.75)
(456.062,268.938)&(449.562,269)
(956.312,580.312)&(953.875,580.125)
(763.812,666.25)&(762.812,665.688)
(321.375,92)&(312.312,91.5)
(338.625,356.562)&(329.125,355.75)
(652.688,215)&(647.312,214.938)
(773.688,504.5)&(770.75,504.062)
(375.75,464.25)&(368.5,464)
(874.188,809.5)&(882.438,810)
(878.312,489)&(876.438,489.5)
(386.75,883.688)&(391.062,883.25)
(83.6875,860.5)&(84.125,860.125)
(411,858)&(414.75,857.562)
(740,492.875)&(735.688,493.125)
(843.188,310.125)&(841.312,310.312)
(758.875,479.938)&(755.312,479.188)
(341.875,391.125)&(334.188,390.938)
(702.062,325.75)&(697.5,326.188)
(752.938,112.812)&(749.062,112.688)
(726.562,529.125)&(722.75,528.812)
(496.562,326.5)&(489.688,326.438)
(577.25,875.875)&(582.75,876.375)
(487.25,398.25)&(480.812,398.125)
(513.25,112.25)&(507,112.312)
(454.062,27.0625)&(447.062,27.0625)
(499.812,65.125)&(492.75,65.125)
(452.812,106.562)&(444.938,106.625)
(447,989.812)&(450.688,990)
(134.875,159.312)&(124.625,159.5)
(611.438,437.75)&(606.125,438.125)
(747.562,575.562)&(743.188,575.938)
(617.875,507.188)&(626.062,507.688)
(186.875,709.812)&(176.688,709.312)
(380.875,307.125)&(384.75,306.688)
(617.875,507.188)&(626.062,507.688)
(270.25,661)&(261.375,661.125)
(513.25,130.312)&(517.812,129.875)
(518,683.25)&(511.625,683.625)
(934.438,250.125)&(944.188,250.062)
(940.688,743.688)&(949.688,744.312)
(292.562,260.125)&(294.625,259.938)
(598,155.188)&(603,155.062)
(719.75,516.188)&(725.875,516.625)
(425.5,46.9375)&(428.75,46.9375)
(409.5,927.062)&(402.375,927.438)
(379.875,174.938)&(383.25,174.688)
(956.312,580.312)&(953.875,580.125)
(456.062,268.938)&(449.562,269)
(559.688,862.188)&(565.812,861.75)
(280.688,26.875)&(273.625,29.0625)
(518.5,722.625)&(524.312,723.125)
(444.625,576.062)&(449.125,575.625)
(518.5,722.625)&(524.312,723.125)
(444.625,576.062)&(449.125,575.625)
#