28 30
(265.625,660.938)&(257.938,661.188)
(772.062,504.312)&(768,504.75)
(610.562,509.312)&(606.312,508.25)
(333.5,355.312)&(325.375,355.688)
(954.938,580.188)&(951.938,579.25)
(333.5,355.312)&(325.375,355.688)
(954.938,580.188)&(951.938,579.25)
(761.75,666.125)&(758.688,665.625)
(265.625,660.938)&(257.938,661.188)
(610.562,509.312)&(606.312,508.25)
(388.562,883.312)&(392.75,882.938)
(453.25,268.938)&(445.438,269.062)
(738.062,492.438)&(733.938,493.438)
(372.312,464.125)&(364.25,464.312)
(316.875,92.3125)&(308.062,91.9375)
(772.062,504.312)&(768,504.75)
(649.688,214.875)&(644.75,214.875)
(514.812,683.25)&(508.75,683.562)
(496.188,65.125)&(489.312,65.25)
(609.25,438)&(603.438,438.062)
(83.875,860.25)&(85.1875,860.062)
(337.75,390.812)&(330.625,391)
(757.688,479.562)&(752.938,479.375)
(725,529.125)&(720.312,528.812)
(877.562,489.125)&(875,489.5)
(510,112.312)&(503.75,112.5)
(493.375,326.25)&(486,326.688)
(484.312,398.375)&(477.688,398.062)
(449.125,106.562)&(441.375,106.812)
(580.375,876.062)&(585.062,876.25)
(449,989.75)&(452.312,990)
(745.625,575.625)&(741.438,576)
(751.188,112.062)&(746.5,113.25)
(842.312,310.438)&(838.562,310.438)
(699.75,326.062)&(695.125,325.938)
(450.125,27.9375)&(443.25,27.25)
(181.75,709.312)&(171.938,709.188)
(521.25,722.812)&(526.938,723.125)
(382.812,307.062)&(387.062,306.625)
(446.75,575.75)&(451.188,575.562)
(274.438,29.3125)&(276.125,30.1875)
(515.375,129.688)&(520.125,130)
(412.562,857.688)&(417.375,857.875)
(945.562,743.812)&(953.625,744.5)
(878.375,809.812)&(886.562,810.062)
(299.312,255.188)&(296.688,259.75)
(939.25,250.312)&(948.562,250.125)
(600.688,155.188)&(605.875,154.562)
(723.312,516.438)&(729.125,516.375)
(427,47)&(430.625,47.125)
(405.688,927)&(398.875,927.688)
(550.5,863.375)&(556.188,863.438)
(381.25,174.812)&(385.125,174.562)
#