31 29
(322.125,355.938)&(329.125,355.75)
(322.125,355.938)&(329.125,355.75)
(570.125,861)&(565.812,861.75)
(951.625,580.5)&(953.875,580.125)
(361.188,464.625)&(368.5,464)
(304.375,92.0625)&(312.312,91.5)
(437.812,106.625)&(444.938,106.625)
(394.812,883)&(391.062,883.25)
(439.125,26.9375)&(447.062,27.0625)
(482.375,326.625)&(489.688,326.438)
(873.062,489.938)&(876.438,489.5)
(765.75,504.562)&(770.75,504.062)
(602.5,509.188)&(608.625,508.125)
(441.938,269.062)&(449.562,269)
(418.875,857.625)&(414.75,857.562)
(836.625,310.875)&(841.312,310.312)
(587.125,876.062)&(582.75,876.375)
(600.75,437.812)&(606.125,438.125)
(86.375,860.375)&(84.125,860.125)
(692.5,325.938)&(697.5,326.188)
(642.25,214.938)&(647.312,214.938)
(485.938,65.25)&(492.75,65.125)
(717.688,529.312)&(722.75,528.812)
(474.438,397.875)&(480.812,398.125)
(500.5,112.438)&(507,112.312)
(115.562,158.75)&(124.625,159.5)
(744.312,112.875)&(749.062,112.688)
(731.812,493.438)&(735.688,493.125)
(454.25,989.75)&(450.688,990)
(739.312,575.938)&(743.188,575.938)
(750.562,479.562)&(755.312,479.188)
(253.875,661.25)&(261.375,661.125)
(453.375,575.688)&(449.125,575.625)
(389.062,306.562)&(384.75,306.688)
(169,709.875)&(176.688,709.312)
(299,259.125)&(300.375,255.125)
(608.562,155.062)&(603,155.062)
(631.25,508.438)&(626.062,507.688)
(529.625,723.375)&(524.312,723.125)
(956.562,744.312)&(949.688,744.312)
(387.062,174.5)&(383.25,174.688)
(522.25,129.938)&(517.812,129.875)
(952.062,250)&(944.188,250.062)
(890.125,810.25)&(882.438,810)
(732.688,515.812)&(725.875,516.625)
(432.375,46.8125)&(428.75,46.9375)
(394.875,927.625)&(402.375,927.438)
(277.938,30.125)&(273.625,29.0625)
(505.375,683.438)&(511.625,683.625)
(361.188,464.625)&(368.5,464)
(951.625,580.5)&(953.875,580.125)
(570.125,861)&(565.812,861.75)
(322.125,355.938)&(329.125,355.75)
(755.5,665.562)&(762.812,665.688)
(755.5,665.562)&(762.812,665.688)
#