32 30
(760.375,665.188)&(758.688,665.625)
(572.312,861.562)&(568.438,860)
(951.125,582.562)&(951.938,579.25)
(763.5,504.812)&(768,504.75)
(318.25,355.875)&(325.375,355.688)
(357.75,464.812)&(364.25,464.312)
(435.125,106.562)&(441.375,106.812)
(300.312,91.8125)&(308.062,91.9375)
(869.938,489.375)&(875,489.5)
(397.312,882.688)&(392.75,882.938)
(959.938,744.562)&(953.625,744.5)
(421.312,857.812)&(417.375,857.875)
(436.125,27.4375)&(443.25,27.25)
(480.062,326.312)&(486,326.688)
(496.688,112.312)&(503.75,112.5)
(88.4375,860.125)&(85.1875,860.062)
(833.938,310.812)&(838.562,310.438)
(602.688,506.062)&(606.312,508.25)
(598.188,437.938)&(603.438,438.062)
(893,810.188)&(886.562,810.062)
(748.25,479.688)&(752.938,479.375)
(589.875,876.188)&(585.062,876.25)
(715.062,529.312)&(720.312,528.812)
(438.625,269.125)&(445.438,269.062)
(639.812,215.125)&(644.75,214.875)
(689.812,326.375)&(695.125,325.938)
(471.312,397.688)&(477.688,398.062)
(532.062,723.25)&(526.938,723.125)
(483,65.125)&(489.312,65.25)
(456.688,989.812)&(452.312,990)
(728.938,493.562)&(733.938,493.438)
(737.125,575.625)&(741.438,576)
(741.688,112.562)&(746.5,113.25)
(112.25,158.375)&(120.5,159.188)
(455.625,575.062)&(451.188,575.562)
(301.062,259.25)&(296.688,259.75)
(165,709.25)&(171.938,709.188)
(250.188,661.375)&(257.938,661.188)
(391.688,306.562)&(387.062,306.625)
(611.25,154.75)&(605.875,154.562)
(389.062,174.375)&(385.125,174.562)
(260,26.4375)&(257.812,31.75)
(633.75,508.5)&(629,508.562)
(524.5,130.062)&(520.125,130)
(735.75,516.375)&(729.125,516.375)
(502.188,683.312)&(508.75,683.562)
(955.062,250.188)&(948.562,250.125)
(434.312,46.75)&(430.625,47.125)
(392.062,927.312)&(398.875,927.688)
(280.125,30.4375)&(276.125,30.1875)
#