31 33
(322.125,355.938)&(315.125,355.875)
(322.125,355.938)&(315.125,355.875)
(570.125,861)&(574.688,860.812)
(951.625,580.5)&(947.062,581.188)
(755.5,665.562)&(757.75,665.062)
(361.188,464.625)&(354.438,464.688)
(304.375,92.0625)&(297.562,91.875)
(437.812,106.625)&(432,106.688)
(394.812,883)&(400.125,882.812)
(439.125,26.9375)&(432.625,27.625)
(482.375,326.625)&(476.438,326.188)
(529.625,723.375)&(534.25,723.188)
(873.062,489.938)&(867.375,488.875)
(765.75,504.562)&(761.5,503.875)
(602.5,509.188)&(596.188,508.812)
(441.938,269.062)&(435.812,269.312)
(418.875,857.625)&(423.688,857.938)
(836.625,310.875)&(831,310.812)
(587.125,876.062)&(592.688,876.125)
(600.75,437.812)&(595.062,437.75)
(890.125,810.25)&(895.25,810.5)
(86.375,860.375)&(90.9375,860)
(692.5,325.938)&(687.062,326.125)
(642.25,214.938)&(636.312,214.875)
(485.938,65.25)&(480.438,65.125)
(717.688,529.312)&(712.375,529.5)
(474.438,397.875)&(468.438,397.75)
(500.5,112.438)&(493.062,112.438)
(115.562,158.75)&(109.5,159.188)
(744.312,112.875)&(738.312,112.812)
(731.812,493.438)&(725.5,493.562)
(454.25,989.75)&(459,989.875)
(739.312,575.938)&(734,575.875)
(750.562,479.562)&(745,480.375)
(253.875,661.25)&(247.688,661.375)
(453.375,575.688)&(458.25,575.5)
(389.062,306.562)&(393.688,306.312)
(169,709.875)&(161.062,709)
(299,259.125)&(304,259.625)
(608.562,155.062)&(613.938,154.438)
(631.25,508.438)&(636.25,508.938)
(956.562,744.312)&(962.75,744.438)
(387.062,174.5)&(390.938,174)
(522.25,129.938)&(526,130.438)
(952.062,250)&(957.375,250.375)
(732.688,515.812)&(738.688,516.688)
(432.375,46.8125)&(436.812,46.6875)
(394.875,927.625)&(389.188,927.5)
(277.938,30.125)&(282.438,30.4375)
(505.375,683.438)&(499.062,683.688)
#