32 34
(951.125,582.562)&(943.062,581)
(763.5,504.812)&(757.938,503.938)
(318.25,355.875)&(312.25,355.75)
(357.75,464.812)&(351.75,464.438)
(752.562,666.125)&(752.75,665.25)
(435.125,106.562)&(428.812,106.25)
(300.312,91.8125)&(294,91.6875)
(260,26.4375)&(253.938,26.4375)
(869.938,489.375)&(864.188,488.938)
(397.312,882.688)&(402.688,883.188)
(421.312,857.812)&(426.5,857.75)
(436.125,27.4375)&(429.312,27.3125)
(480.062,326.312)&(473.188,326.312)
(496.688,112.312)&(489.562,112.188)
(88.4375,860.125)&(93.75,859.812)
(833.938,310.812)&(827.25,311.25)
(598.188,437.938)&(591.875,437.938)
(748.25,479.688)&(741.938,480.938)
(589.875,876.188)&(594.812,876.25)
(715.062,529.312)&(708.875,529.938)
(438.625,269.125)&(432.188,269.5)
(639.812,215.125)&(632.938,214.5)
(689.812,326.375)&(683.375,325.875)
(471.312,397.688)&(464.625,397.75)
(532.062,723.25)&(536.688,723.25)
(483,65.125)&(477,65.125)
(456.688,989.812)&(461.062,990.188)
(728.938,493.562)&(722.125,493.438)
(737.125,575.625)&(730.625,576.188)
(741.688,112.562)&(734.438,112.625)
(165,709.25)&(158.25,709.125)
(250.188,661.375)&(244.5,661)
(391.688,306.562)&(396.125,306.188)
(611.25,154.75)&(615.688,154.625)
(389.062,174.375)&(393.5,174.188)
(633.75,508.5)&(638.625,508.688)
(959.938,744.562)&(964.438,744.25)
(524.5,130.062)&(528.438,129.875)
(735.75,516.375)&(740.875,516.75)
(893,810.188)&(897.375,810.562)
(955.062,250.188)&(959.312,250.188)
(434.312,46.75)&(439.375,46.1875)
(392.062,927.312)&(386.25,927.938)
(280.125,30.4375)&(284.5,30.3125)
(752.562,666.125)&(752.75,665.25)
(357.75,464.812)&(351.75,464.438)
(763.5,504.812)&(757.938,503.938)
(502.188,683.312)&(495.812,683.938)
(664.062,18.0625)&(659.812,12.5)
(301.062,259.25)&(309.25,256.375)
(502.188,683.312)&(495.812,683.938)
(664.062,18.0625)&(659.812,12.5)
(301.062,259.25)&(309.25,256.375)
#