35 33
(309,355.062)&(315.125,355.875)
(309,355.062)&(315.125,355.875)
(240.812,31.25)&(246.625,31.625)
(425.438,106.062)&(432,106.688)
(250.688,26.75)&(256.75,26.375)
(290.812,91.4375)&(297.562,91.875)
(588.25,510.375)&(596.188,508.812)
(405.75,883.375)&(400.125,882.812)
(313.875,390.812)&(319.688,390.625)
(348.688,464.688)&(354.438,464.688)
(461.438,397.562)&(468.438,397.75)
(486.375,112.938)&(493.062,112.438)
(718.5,493.625)&(725.5,493.562)
(679.562,325.5)&(687.062,326.125)
(429.188,858.125)&(423.688,857.938)
(730.562,113.188)&(738.312,112.812)
(493.25,684.312)&(499.062,683.688)
(97.3125,859.5)&(90.9375,860)
(628.812,214.625)&(636.312,214.875)
(470.375,326)&(476.438,326.188)
(821.812,311.125)&(831,310.812)
(428.875,269.5)&(435.812,269.312)
(426.688,27.1875)&(432.625,27.625)
(705.312,529.938)&(712.375,529.5)
(588.062,438.125)&(595.062,437.75)
(463.812,990.375)&(459,989.875)
(473.688,65.1875)&(480.438,65.125)
(738.188,480.562)&(745,480.375)
(726.812,576.25)&(734,575.875)
(860,489.312)&(867.375,488.875)
(104.375,159.312)&(109.5,159.188)
(309.812,257.75)&(304,259.625)
(155.875,708.125)&(161.062,709)
(398.875,305.875)&(393.688,306.312)
(464.125,575.562)&(458.25,575.5)
(539.25,723)&(534.25,723.188)
(396.188,174)&(390.938,174)
(742.562,516.562)&(738.688,516.688)
(617.438,154.125)&(613.938,154.438)
(960.875,250.062)&(957.375,250.375)
(899.062,810.5)&(895.25,810.5)
(966.188,744.25)&(962.75,744.438)
(530.75,129.312)&(526,130.438)
(286.688,30.25)&(282.438,30.4375)
(441.25,45.8125)&(436.812,46.6875)
(640.625,508.375)&(636.25,508.938)
(383.375,927.938)&(389.188,927.5)
(935.312,578.812)&(947.062,581.188)
(580.188,861.125)&(574.688,860.812)
(935.312,578.812)&(947.062,581.188)
(250.688,26.75)&(256.75,26.375)
(425.438,106.062)&(432,106.688)
(240.812,31.25)&(246.625,31.625)
(309,355.062)&(315.125,355.875)
(743.875,666.5)&(757.75,665.062)
(241.5,660.625)&(247.688,661.375)
(430.5,620.75)&(426.375,603.375)
(743.875,666.5)&(757.75,665.062)
(241.5,660.625)&(247.688,661.375)
(430.5,620.75)&(426.375,603.375)
(743.875,666.5)&(757.75,665.062)
(241.5,660.625)&(247.688,661.375)
(430.5,620.75)&(426.375,603.375)
#