36 34
(306.438,354.938)&(312.25,355.75)
(746.688,665.688)&(752.75,665.25)
(306.438,354.938)&(312.25,355.75)
(934.188,581.312)&(943.062,581)
(238.5,31.25)&(244.188,31.5)
(288.438,90.875)&(294,91.6875)
(248.25,26.5)&(253.938,26.4375)
(584.5,437.875)&(591.875,437.938)
(311.688,391)&(316.5,390.5)
(585.812,509.875)&(591.125,510)
(458.438,397.688)&(464.625,397.75)
(408.25,883.062)&(402.688,883.188)
(676,325.125)&(683.375,325.875)
(422.188,106.25)&(428.812,106.25)
(625.375,214.5)&(632.938,214.5)
(490.125,684.062)&(495.812,683.938)
(468,325.688)&(473.188,326.312)
(345.438,465.062)&(351.75,464.438)
(100.562,859.312)&(93.75,859.812)
(701.438,529.562)&(708.875,529.938)
(483.562,113.062)&(489.562,112.188)
(470,64.9375)&(477,65.125)
(431.312,858.062)&(426.5,857.75)
(818.625,311.688)&(827.25,311.25)
(734.375,481)&(741.938,480.938)
(855.5,489.688)&(864.188,488.938)
(423.938,27.25)&(429.312,27.3125)
(726.625,113.125)&(734.438,112.625)
(722.688,576.375)&(730.625,576.188)
(466,990.312)&(461.062,990.188)
(714.375,494.688)&(722.125,493.438)
(426.062,269.438)&(432.188,269.5)
(466.438,575.438)&(461.562,575.75)
(743.625,516.625)&(740.875,516.75)
(239.125,660.125)&(244.5,661)
(154.25,708.812)&(158.25,709.125)
(315.875,254.875)&(309.25,256.375)
(466.438,575.438)&(461.562,575.75)
(401.812,305.875)&(396.125,306.188)
(541.562,723)&(536.688,723.25)
(398.938,174.062)&(393.5,174.188)
(618.875,154.5)&(615.688,154.625)
(967.125,744.125)&(964.438,744.25)
(289.812,30.5)&(284.5,30.3125)
(532.688,129.188)&(528.438,129.875)
(961.312,250.062)&(959.312,250.188)
(642.562,508.562)&(638.625,508.688)
(443.688,46)&(439.375,46.1875)
(381.062,927.875)&(386.25,927.938)
(900.562,810.438)&(897.375,810.562)
(238.5,31.25)&(244.188,31.5)
(934.188,581.312)&(943.062,581)
(306.438,354.938)&(312.25,355.75)
(746.688,665.688)&(752.75,665.25)
(582.062,861.062)&(594.812,876.25)
(582.062,861.062)&(594.812,876.25)
#