35 37
(935.312,578.812)&(929.688,581.875)
(309,355.062)&(304,354.625)
(580.188,861.125)&(583.875,860.875)
(309,355.062)&(304,354.625)
(240.812,31.25)&(236.938,31.25)
(425.438,106.062)&(418.75,106.75)
(241.5,660.625)&(237.25,660.625)
(155.875,708.125)&(153.562,708.875)
(250.688,26.75)&(246.062,26.25)
(290.812,91.4375)&(286,91.1875)
(588.25,510.375)&(584.062,509.188)
(405.75,883.375)&(410.438,883.312)
(935.312,578.812)&(929.688,581.875)
(313.875,390.812)&(309.5,391.188)
(348.688,464.688)&(343.75,465.25)
(461.438,397.562)&(455.438,397.562)
(486.375,112.938)&(480.812,113.062)
(718.5,493.625)&(710.438,494.438)
(743.875,666.5)&(735.375,666.5)
(679.562,325.5)&(672,325.25)
(429.188,858.125)&(434.25,857.938)
(730.562,113.188)&(722.75,113.25)
(493.25,684.312)&(486.875,683.938)
(97.3125,859.5)&(105.062,859.438)
(628.812,214.625)&(621.375,214.688)
(470.375,326)&(464.062,326.25)
(821.812,311.125)&(813.688,311.625)
(428.875,269.5)&(423.5,268.938)
(426.688,27.1875)&(420.688,27.1875)
(705.312,529.938)&(697.312,529.688)
(588.062,438.125)&(581.25,437.875)
(463.812,990.375)&(468.312,989.875)
(473.688,65.1875)&(466.625,64.875)
(738.188,480.562)&(730.375,480.812)
(726.812,576.25)&(718.75,576.5)
(860,489.312)&(850.312,489.625)
(104.375,159.312)&(101.562,158.688)
(309.812,257.75)&(315.688,258.062)
(398.875,305.875)&(405.062,306.062)
(464.125,575.562)&(468.5,575.312)
(539.25,723)&(543.938,722.875)
(396.188,174)&(401.938,173.812)
(617.438,154.125)&(620.875,154.688)
(960.875,250.062)&(961,250.062)
(899.062,810.5)&(900.625,810.312)
(966.188,744.25)&(967.625,744.188)
(530.75,129.312)&(534.125,129.125)
(286.688,30.25)&(293.125,30.5)
(441.25,45.8125)&(446.188,45.8125)
(640.625,508.375)&(644.375,508.562)
(383.375,927.938)&(378.438,927.812)
#