36 38
(306.438,354.938)&(301.062,355.062)
(306.438,354.938)&(301.062,355.062)
(582.062,861.062)&(585.625,861.375)
(934.188,581.312)&(922.062,579.938)
(238.5,31.25)&(235.062,31.625)
(541.562,723)&(546.188,723.188)
(288.438,90.875)&(283.875,91.0625)
(248.25,26.5)&(244.375,25.875)
(584.5,437.875)&(577.625,437.938)
(311.688,391)&(307.562,390.625)
(585.812,509.875)&(581.312,508.812)
(458.438,397.688)&(452.5,397.438)
(408.25,883.062)&(414.125,883.5)
(676,325.125)&(667,324.938)
(422.188,106.25)&(416.312,106.375)
(625.375,214.5)&(617,214.688)
(468,325.688)&(461.25,326.688)
(345.438,465.062)&(341.875,464.938)
(100.562,859.312)&(110.5,859.5)
(701.438,529.562)&(692.938,529.938)
(483.562,113.062)&(477.812,113.062)
(738.375,666.75)&(731,666.375)
(470,64.9375)&(463.188,65)
(431.312,858.062)&(437.375,857.875)
(818.625,311.688)&(808.625,311.812)
(734.375,481)&(725.875,480.938)
(855.5,489.688)&(845.188,489.812)
(423.938,27.25)&(417.25,27)
(726.625,113.125)&(717.938,112.938)
(722.688,576.375)&(714.625,576.312)
(466,990.312)&(470.688,989.75)
(714.375,494.688)&(706.562,494.562)
(426.062,269.438)&(420.562,268.688)
(900.562,810.438)&(900.812,810.5)
(466.438,575.438)&(471.688,575.25)
(743.625,516.625)&(745.875,516.688)
(239.125,660.125)&(235,660.75)
(154.25,708.812)&(152,709.438)
(315.875,254.875)&(318.75,258.688)
(466.438,575.438)&(471.688,575.25)
(401.812,305.875)&(408.25,305.812)
(398.938,174.062)&(404.75,173.688)
(618.875,154.5)&(622.188,154.5)
(967.125,744.125)&(967.062,744.188)
(490.125,684.062)&(483.5,683.562)
(289.812,30.5)&(297.188,30.375)
(532.688,129.188)&(535.75,129.312)
(961.312,250.062)&(960.438,250.562)
(642.562,508.562)&(646.375,508.562)
(443.688,46)&(448.312,45.6875)
(381.062,927.875)&(376.188,927.5)
#