1024	1024	64	1
frame 0
num = 74
191.5	76.375
68.9375	457.438
256.625	245.188
196.312	90.75
293.25	228.75
274.938	355.062
197.125	102.688
271.312	8.25
61.3125	514
157.438	145.312
78.8125	283
313.938	161.062
232.625	481
661.188	16.6875
139.25	707.562
268.062	859.812
298.5	490.812
400.125	177.25
564.875	29.5
695.125	664.625
181.375	540.125
538.812	925.438
962.125	283.812
512	357.25
354.875	34.0625
358.5	504.188
422.5	49.75
582.938	65.875
644.875	743.312
512.438	391.062
359.625	260
944.062	479.938
495.562	157.062
687.75	573.875
325.125	528.938
630.938	507.562
647.562	215.375
781.125	793.188
347.562	187.312
924.688	818.812
318.812	934.562
925.5	865.125
690.312	113.125
549.562	516.875
669.375	325.688
486.062	30.125
712.125	39
589.625	682.688
716.75	15.9375
431.625	987.688
368.188	457.562
699.938	502.688
684.812	207.875
643.312	252.188
474.5	861.312
693.688	479.938
358.125	548.75
400.312	883
578.875	326.375
565.375	269.688
574.625	397.938
745.938	488.438
527.438	465.125
423	576.375
456.188	722.625
697.25	266.25
678.125	528.562
444.125	709.188
791	434.062
731.688	310.25
212	616.438
412.375	857.5
394.625	308.5
364.938	712
frame 1
num = 81
167.5	90.5
146.938	139.25
33.625	513.75
247.562	8.6875
120.312	853.812
232.062	244.938
18.3125	671.938
168.062	102.312
305.5	135.688
293.938	160.75
217.312	481.438
125.875	144.938
244.625	55.5625
117.688	707.75
664.125	17.625
256.125	859.812
123.438	152.125
534.188	925.562
580.812	65.875
397.312	176.812
701.625	663.875
348.312	33.75
347.875	447.75
499.312	157.125
628.125	809.312
695.875	112.438
298.875	934.625
659.375	743.062
341.375	504.188
163	540.375
557.125	517.312
353.75	260
503.875	356.75
652.5	215.125
629.875	437.625
504.25	390.75
571.875	398.5
689.812	493.062
561.5	29.1875
631.938	508.125
966.688	479.5
421.125	49.3125
521	464.938
476.938	29.8125
986.812	284.062
658.25	252.062
586.75	113.125
946.562	817.812
403	161.188
976.062	715.625
576.812	326.625
672.938	325.375
397.938	883.188
693	575.062
960.75	865.5
722.875	19.4375
792.312	577.75
340	548.25
718.938	38.9375
683.25	529.875
702.062	207.5
559.688	269.938
275.062	489.125
430.125	987.938
410.188	857.875
586.812	683.062
507.125	509.125
740.062	310.188
478.812	861.062
705.438	503.438
431.5	707.938
715.688	266.312
725.688	450.062
1004.5	66.1875
755.75	488.062
458.562	722.625
197.062	616.188
347.312	712.562
421.812	576.188
392.75	308
815.688	434.062
frame 2
num = 84
145.125	315.688
172.938	125.312
249.375	228.375
116.375	139.062
285.688	135.625
207.438	244.688
98.625	854
224	9.4375
273.375	160.875
202.688	481.5
220.75	55.375
94.5625	144.438
96.9375	707.688
694.5	492.875
528.625	925.625
310.875	186.938
666.125	17.75
243.75	859.688
497.562	390.688
145.688	540.125
577.875	66.1875
1010.88	284.125
284	528.875
341.25	33.5
707.375	664
394.062	176.562
701.438	113.312
988.938	479.688
502.562	157.062
279.188	934.75
573.688	326.438
419.25	49.1875
569.5	398.75
632.75	506.5
330.812	447.438
497.562	357.938
673.75	743.312
557.5	28.6875
712.188	504.312
322.438	504.188
829.625	792.562
564.125	516.812
729.562	21.75
390.312	161.188
672.188	251.25
556.125	270
180.938	615.688
639.938	809.062
726.062	38.75
494.312	875.75
704.562	479.375
254.938	490.375
967	818.125
803.75	578.625
480.312	861.75
466.812	29.8125
429.938	988.812
719.562	207.125
514.75	464.438
554	108.438
321.625	548.812
948.25	805.125
347.938	260.125
653	214.812
697.938	575.25
744.688	449.812
395.875	882.875
462.062	660.25
747.562	309.938
629.875	438.125
687.312	528.625
676.875	325.938
407.812	857.75
419.75	709.438
489.75	92.9375
459.688	722.562
512.625	508.875
699.875	249.312
585.188	682.875
764.438	488.375
804.812	515.375
421.812	575.875
389.688	307.375
330.125	712.125
frame 3
num = 80
171.062	312.312
109.625	90.6875
116.188	316.125
85.75	139.688
252.688	161.125
76.75	854.688
265.25	135.375
196.625	55.6875
200.125	8.5625
187.75	481.625
182.812	244.938
75.875	708.188
523.375	925.938
293.312	186.75
391.875	176.312
633.688	507
481.562	861.438
232.062	859.875
127.375	539.875
263.625	529.25
552.625	28.5
686.312	250.625
231.938	491.312
418.188	48.6875
575.625	66.125
489.875	390.75
311.875	448.312
259	935.188
631.812	437.688
712.938	663.75
304.438	504.5
699.25	493.125
481.438	93.25
705.75	112.438
552.438	269.438
571.625	515.938
303.562	548.5
709.375	478.938
688.75	742.75
506.875	156.562
570.562	326.125
817	579.875
452.188	660.938
581.875	113.062
460.812	722.5
428.25	989
773.688	488.062
737.938	207.438
679.75	325.625
516.875	508.312
852.812	791.938
489.062	357.5
1012.44	478.875
508	464.75
565.875	397.625
392.688	883.062
690.438	528.562
732.188	505.312
752.312	265.312
654.938	214.5
716.75	503.375
457.25	29.75
311.375	712.312
421.625	576.188
231.938	491.312
342.812	260
406.125	857.812
923.25	524.938
583.5	682.562
595.875	292.5
336.625	32.9375
755.688	309.188
702.688	574.438
550.562	108.375
165.625	616.25
407.188	708.625
387.438	308.062
763.812	449.438
865.375	432.875
737.875	207.375
frame 4
num = 80
232	161.375
88.75	316.062
86.8125	140.438
56.1875	854.812
246.125	135.188
103.438	26
177.062	8.3125
158.938	244.812
173.25	481.688
55.8125	708.5
275.688	187.062
517.875	925.938
632.312	437.438
286.938	504.688
388.938	176.312
220.062	860.188
110.438	539.125
416.438	48.75
482.5	390.938
770.812	266.125
298.812	458.25
714.25	479.062
578.938	516.062
572	65.6875
242.875	528.875
703.625	492.938
473.625	93.5625
656.5	214.625
337.625	261
548.688	28.3125
718.562	663.812
635.5	507.062
238.125	935
285.5	548.812
722.562	503.25
699.75	250.75
510.938	156.25
330.625	33.5
695.562	529.188
782.188	487.5
568.062	326.25
209	489
701.688	742.438
562.812	397.938
754.188	207.688
683	325.562
448.312	29.25
711.25	112.25
664.812	808.812
428.438	988.75
442.562	661
578.875	112.75
949.312	525
707.188	574.062
419.688	576.125
762.812	309.875
294.062	712.5
748.062	504.812
739.125	35.75
520.562	508.062
403.938	857.562
483.062	861.938
547.875	268.938
462.375	722.312
874.812	791.688
828	584.125
501.062	464.75
384.5	308.125
825.25	577.5
389.625	882.312
579.812	682.312
151.062	616.188
480.125	355.188
482.812	361.188
394.562	708.25
483.062	861.938
849.812	515.062
782.125	449.5
770.812	266.125
754.188	207.688
frame 5
num = 74
185.625	229.062
61.8125	315.75
212.938	161.25
160.812	355.125
227.75	135.438
35.875	854.875
159.75	481.438
150.688	55.1875
135.125	244.812
36.5625	708.5
220.625	935.125
270.25	504.375
512.625	925.5
719.562	478.812
544.75	28
387.188	176.125
475.125	390.75
723.188	663.875
224.062	528.562
465.5	92.75
577.125	113.125
569.25	65.4375
94.625	540.25
190.438	490
658.75	214
770.062	309.875
515.375	156.062
428	988.688
349.25	160.812
279.938	448.25
728.188	503.062
415.75	48.4375
587.625	517.312
565.125	325.625
268.5	548.375
208.562	860.562
324.75	33.375
633.062	437.312
559.125	397.562
686.188	325.062
635.125	507.5
713.625	250.812
494.812	464.25
790.5	487.75
464.75	722.188
419.375	576.25
335.125	257
714.875	112.375
715.062	742.188
787.938	265.188
439.688	29.0625
484.75	862.688
975.375	524.625
770.688	207.062
712	574.5
277.5	712.438
898.062	791.625
578.188	682.438
473.625	356.875
677.625	808.75
836.625	577.75
382.938	307.812
402.938	857.25
801.375	448.125
746.125	33.1875
697.562	572
434	661
382	707.938
836.75	578.125
137.312	616.125
912.938	433
388.312	882.75
871.688	515
836.625	577.75
frame 6
num = 74
209.625	135.25
193.75	160.812
16.5	854.75
146.625	481.25
111.938	245
201.875	935.188
18	708.375
728.25	664.062
507.5	925.562
689.688	808.938
253.062	504.25
169.562	490.75
660.25	214.438
385	176
575.188	113.438
466.312	722.438
540.188	27.9375
566.625	65.1875
336.812	160.812
724.375	478.75
466.812	356.312
689.5	324.812
711.5	492.625
79.125	539.875
537	107
205	528.062
819.062	448.875
250.75	549.125
427.812	988.75
488.562	464.875
468	390.75
733.812	503.188
727.75	250.312
266.5	457.625
519	155.625
846.5	578
457	92.8125
562.188	325.75
720.062	112.5
419.875	576.062
319.875	33.5
777	309.75
414.875	48.375
198.938	860.312
556.688	398.062
635.062	506.562
594.875	517.312
539.25	268.75
430.562	28.875
633.438	437.125
920.125	791.812
729.438	742.25
380.75	307.438
715.312	573.688
401.438	857.562
424.125	661.125
782.375	505.875
330.25	257.5
799	488.312
787.875	209.5
469.625	131.062
702.438	527.938
488.812	862.312
576.125	683.062
370.75	708.062
260.812	712.5
804.938	264.938
386.188	883
935.375	432.562
123.5	615.812
892.5	514.875
330.25	257.5
846.5	578
370.75	708.062
frame 7
num = 71
191.625	135.312
133.812	481.312
184	935.438
149.562	492.062
90.5625	244.375
732.188	664.188
502.188	926.125
449	92.5625
533.875	106.875
737.75	504.188
383.25	175.688
427.812	988.875
572.562	113.5
942.625	792
636	506.5
701.375	808.875
246.438	447.5
661.812	214.5
691.938	325.375
459.5	356.375
724.25	112
563.688	65.375
314.938	33.5
189.25	860
728.125	479.188
323.812	161.125
186.312	528.438
234.438	548.812
63.875	540.25
552.875	398
535.75	508.625
236.875	503.5
856.062	578.062
468.25	722.25
602.75	517.375
559.188	326.375
633.188	436.938
741.125	250.188
523.125	155.562
536.25	27.75
420.062	576.125
805.562	488.062
470.875	130.938
804.938	208.188
414.125	48.0625
912.812	515.188
720.812	573.688
706.75	528.562
379.625	307.625
400.375	857.562
422.25	28.6875
324.188	259.875
535.688	268.75
742.5	742.75
716.562	493.375
359	708.688
415.438	660.875
784.562	309.5
574	683.062
244.125	712.75
797.562	505.812
490.375	861.188
822.188	264.375
856.062	578.062
958.75	432.75
836.625	449
110.812	615.812
384.875	882.875
482.188	465.125
63.5625	542.125
418.188	437.625
frame 8
num = 70
166.125	935.375
67.625	244.75
497.375	926.375
737.25	664.125
427.438	988.938
230.938	447.5
964.188	791.938
529.562	106.938
550.438	397.625
609.562	517.562
556.75	326
130.375	493.5
441.625	92.8125
996.938	798.562
179.438	860.188
754.875	249.938
381.25	175.625
712.062	808.688
569.938	113.125
742.438	503.875
218	548.75
561.125	65.4375
311.625	160.75
633.5	437.125
732.5	479.875
320.312	260.875
727.562	111.5
662.875	214.625
694.188	325.625
527.75	155.875
49.1875	541.062
377.938	307.438
419.938	576
540.25	508.375
220.812	503.938
413.375	48
310.188	33.375
451.875	355.625
571.438	682.375
637.312	507.375
710.062	529.062
227.688	713
167.625	528.375
471.812	130.812
813.312	487.75
399.625	857.812
475.625	464.75
820.25	206.188
470.5	722.375
406.062	660.875
413.625	28.75
493.438	862
531.938	27.5625
724.188	574.5
348.688	709.188
531	269.25
865.062	577.438
719.625	492.812
755.875	742.375
933.438	515.312
452.75	391.312
838.438	264.438
501.438	859.875
789.938	309.438
980.812	433.312
865.062	577.438
383.188	883
451.875	355.625
97.5625	615.688
853.875	448.812
frame 9
num = 68
105.812	228.812
148.375	935.562
491.875	926.562
427.5	989.25
202.125	548.688
547.312	397.438
741.25	664.188
525	107.062
379.75	175.812
722.25	808.875
215.938	447.562
434.25	92.9375
532	156.312
204.812	503.75
567.438	112.688
736.312	478.938
553.938	326.062
768.25	250.062
796.25	310.812
747.062	502.438
696.25	325.188
170.125	859.812
212.438	712.75
663.125	214.812
420.375	576
527.25	269.875
731.938	111.75
545.25	508.25
557.938	65.375
617.25	516.938
712.625	529.312
470.688	464.875
527.688	28
34.875	539.938
397.062	660.562
726.75	574.875
412.938	47.8125
149.688	528.062
299.188	160.625
376.438	307.375
835.25	205.688
820.438	487.938
443.688	355.688
569.188	682.75
315.938	260.812
722.062	492
634.312	508.875
306.25	32.875
633.062	436.562
503.875	860.438
404.688	28.75
337.438	708.938
473.312	722.375
473.938	130.625
446.312	390.875
398.812	858
770	742.625
381.688	882.75
954.125	514.688
1002.5	433.312
855.125	264.875
871.25	448.375
443.688	355.688
878.375	587.562
86	615.5
835.312	206.125
381.688	882.75
337.438	708.938
frame 10
num = 61
205.25	457.562
427.25	989.312
378.312	175.75
520.438	107.312
544.312	397.188
731.062	575.125
161.312	860.062
21.375	539.125
564.75	112.562
698.688	325.062
535.5	156.125
664.688	214.25
189.375	503.688
554.875	65
420.625	576.062
201.938	447
780.25	249.812
437.25	356
132.188	528
186.688	549.25
740.125	479.062
715	529.188
197.062	712.25
733.875	809
426.5	93.25
523.75	28.125
725.5	492.062
550.188	326.25
412.562	47.6875
743.125	664.188
549.312	508.438
375.5	307.438
302.25	32.1875
474.875	722.438
827.125	487.812
74.125	615.438
735.625	112.125
801.188	310.062
500.438	862.125
464.25	464.688
887.812	448.25
326.375	708.625
523.5	270.125
566.188	683
634.688	507.938
312.938	259.938
633.312	437.188
783.188	743.062
388.312	660.312
845.5	505.062
849.188	205.5
391.938	31.5625
750.625	502.688
398.562	858
440.062	390.562
380.5	883.125
870.312	264.812
973.312	514.875
312.938	259.938
887.5	587.5
883.438	577.188
frame 11
num = 59
427.188	989.125
376.688	175.438
791.75	250.062
516.688	107.375
552.438	64.75
115.625	527.938
745.125	808.75
170.312	549.312
701.5	325.125
717.938	529.062
547.25	326.688
152.688	859.812
187.312	447.25
519.75	28.375
298.062	32.125
561.875	112.625
746.812	664.5
554.125	508.438
420.812	575.938
8.9375	540.062
174.062	503.25
418.812	93.125
734.875	575.188
181.938	711.875
739.125	112
665.75	214.312
728.562	492.625
794.812	743.062
540.312	396.875
742.938	479.438
503.25	862.125
807.688	309.938
538.938	155.688
412.188	48
380	661
519.438	269.938
374.062	307.312
309.188	260.5
832.938	487.875
753.938	504.062
430.312	355.438
563.75	683.062
477.062	722.312
633.438	436.812
632.75	511.438
398.375	857.625
458.062	464.688
860.375	504.75
864.688	205.562
379.562	883
387.625	28
63.0625	615.562
894	581.188
991.625	515.25
886.125	264.562
315.938	709.125
902.938	448.25
894	581.188
433.312	390.312
frame 12
num = 60
78.5625	481.688
476.5	926.188
98.75	528.5
512.625	107.438
294.25	32.1875
156	548.75
746.75	479.562
544.75	326.375
263.188	160.875
427.375	989.188
375.562	175.375
549.438	64.8125
145.062	859.938
479.562	722.5
159.688	503.438
558.688	112.625
515.375	28.125
750.938	664.625
838.625	487.562
636.375	506.75
737.125	574.875
731.312	493.188
703.312	325.188
803	249.938
632.938	437.125
758.062	504.375
558.875	508.312
720.5	528.875
806.25	743.312
411.438	92.5625
371.5	661.188
666	214.25
742.188	112.062
755.125	808.438
537.062	397.75
412.312	47.9375
561.125	683.312
543.25	155.5
874.25	504.375
167.25	712.125
421.938	575.875
812.938	310.062
177.562	457.75
513.938	860.75
373.188	307.375
305.5	260.5
398.062	857.312
372.625	32.375
451.688	464.438
900	580.625
879.375	206.062
423.812	356
379	882.812
305.75	709.125
1010.5	514.625
901.25	264.75
425.25	391
52.1875	615.562
918.5	448.125
305.75	709.125
frame 13
num = 57
82.8125	528.75
159.375	447.125
141.75	548.75
750.688	479.25
546.25	64.9375
844.688	487.688
511.125	28.375
556.375	112.562
541.562	325.625
137.5	859.812
508.438	107.438
508.5	861.562
290.562	31.8125
754.438	664.062
722.812	528.438
563.625	508.312
374.938	175.438
636.812	506.188
510.562	269.312
446.312	464.75
744.562	111.688
887.5	504.062
764.5	808.312
734.75	492.5
534.25	398
363	660.875
559	683.438
412.5	47.9375
818.188	743.625
547.5	155.562
817.125	309.938
814.562	249.625
422.812	576.375
372.75	307.375
153.562	712.312
632.062	436.875
481.688	722.125
893.875	207.688
761.438	503.562
419.312	390.875
302.5	260.312
364.812	32.1875
907.812	581.562
398.062	857.5
296.438	710.188
516.812	861.125
416.688	355.75
916.188	264.562
378.188	882.688
42.0625	615.562
754.438	664.062
416.688	355.75
934.188	448.188
296.438	710.188
472.188	574.5
58.9375	667.875
58.4375	639.188
frame 14
num = 57
127.562	548.688
506.562	268.875
507.25	28.4375
538.562	325.812
374.375	175.312
130.562	859.875
665.625	214.312
484.062	722.688
705.125	325.5
752.5	479.312
849.312	488.125
553.5	112.375
568.062	508.438
511.625	862
397.75	92.3125
287.188	32.125
412.438	47.75
146.125	447.062
440.5	464.312
503.75	107
724.5	528.188
755.375	664.125
635.938	506.625
822	310.438
631.188	437.188
542.5	64.75
556	683.5
906.875	207.562
765.062	502.938
826.312	249.312
354.812	661.062
651.688	516.25
372.25	307.25
423.312	576
900.375	504.188
755.375	664.125
398.312	857.5
931.062	265.438
300.625	260.125
139.375	712.75
914.188	580.062
410.438	356.188
774.188	808.375
413.438	391.25
363.812	27.6875
914.188	580.062
287.375	711.875
949.562	447.938
378.062	882.688
32.5625	615.5
520.125	860.875
914.188	580
484.062	722.688
354.812	661.062
473.25	574.312
46.5625	667.562
46.25	640.25
frame 15
num = 53
133.375	447.312
114.375	548.938
502.812	28.25
52.25	528.625
754	479.25
706.438	325.5
854.75	488.125
630.938	437
749.125	111.375
391.312	91.8125
299.062	260.438
666.5	214.438
373.688	175.188
123.812	859.812
539.438	65
499.812	106.875
572.188	508.5
535.188	326.312
551	112.25
757.938	664.5
634.75	506.312
284.938	31.75
412.625	47.6875
837.812	249.5
555.375	155.188
435	464.375
502.938	269.188
371.875	307.188
553.375	683.812
913	504.5
766.188	504.875
657.688	515.562
920	207.875
398.25	857.562
347.062	661.188
407.062	391.812
486.625	722.875
126.188	712.5
514.688	863.062
726.188	528
963.25	448.312
424.375	575.938
944.875	265.188
404.062	356.562
378.062	882.5
919.312	578.812
356.062	27.6875
278.125	712.125
23.8125	615.688
919.312	578.812
278.125	712.125
522.875	862
34.75	639.062
frame 16
num = 58
105.25	504.125
848	250.438
101.688	548.938
630.312	437
859.5	488.25
498.938	28.25
664.062	516
795.188	809.375
384.688	91.5
756	479.375
373	175.312
536.125	64.9375
750.688	112.25
707.875	325.375
124.812	457.625
532.188	326.688
429.688	464.25
576.125	508.375
666.188	214.812
282.375	31.75
117.125	860.188
739.375	493.188
496	106.875
412.938	47.3125
764.938	663.562
548.25	112
633.938	506.688
371.625	307.125
489.75	723.375
768.125	504.562
518.25	862.562
398.188	857.812
425.375	576.125
550.875	683.688
298.188	259.312
377.938	882.75
339.5	661.188
349.438	27.4375
498.125	269.438
400.25	391.062
925.25	504.625
113.438	712.688
932.375	207.25
958.062	264.875
828	310.062
397.75	356.688
976.938	448.5
269.188	712.625
925.062	578.438
16	615.875
925.062	578.438
269.188	712.625
298.188	259.312
498.938	28.25
13.5	582.25
22.9375	639
24.25	667.125
472.125	574
frame 17
num = 57
89.3125	548.938
23.6875	528.688
494.812	27.9375
533.438	65
862.875	488.688
109.562	447.375
758.312	479.375
803.938	809.5
377.75	883.375
413.688	47.3125
372.562	175.438
580.688	508.562
751.875	112.062
629.25	437
741.438	493.125
423.812	464.062
708.938	325.188
670.062	515.562
111.875	860.375
547.938	683.25
426.625	576.125
633.375	506.875
544.75	112.188
858.625	249.75
371.625	307.438
520.562	862.375
280.25	31.625
394.188	390.812
112.812	457.75
528.312	326
491.938	723.375
520.375	397.812
831.625	310.25
398.188	858
296.25	259.375
101.562	713
331.938	661
770.25	505.062
494.625	269.375
970.25	264.688
937.375	504.812
391.188	355.75
929.938	577.812
333.188	32.4375
944.25	206.688
259.938	712.688
342.25	27.375
990.188	447.812
770.25	505.062
934.438	585.5
391.188	355.75
633.375	506.875
929.938	577.812
944.25	206.688
308.312	421.188
13.125	639.875
426.625	576.125
frame 18
num = 56
27.8125	481.188
10.375	528.875
76.9375	549.188
866.438	488.75
627.875	437.125
530.375	65.125
414.562	47.5625
585.062	509.062
490.562	27.5
372.75	175.375
760	479.25
753.625	112.25
813	809.438
567.375	155.5
418.438	464.312
101.75	457.875
377.438	883
631.312	506.562
447.125	926.688
523.625	862.812
541.75	112.25
675.438	515.812
107.438	860.562
487.688	106.562
494.5	723.312
665.188	215.125
517.062	397.562
868.438	249.875
708.75	325
324.188	661.375
544.875	683
524.812	326.5
388.375	390.938
835.438	310.25
768.438	664.062
278.75	31.875
427.875	576.062
89.6875	712.688
981.938	264.812
948.938	504.688
294.062	259.938
771.25	505.938
325.5	32.625
956.062	206.625
371.812	307.688
490.5	269.062
399.125	858.062
385.438	355.875
1002.75	448.312
936	579.25
250.625	712
771.25	505.938
532.875	861.188
936	579.25
385.438	355.875
312.625	415.875
frame 19
num = 59
21.4375	480.875
742.938	493.812
837.875	310.75
433.875	989.375
91.125	457.625
65.3125	549.25
869.625	488.625
589.25	509.25
526.938	64.8125
442.375	927.188
415.75	47.625
483.938	106.938
193.062	159.938
372.875	175.562
485.688	27.25
761.312	479.438
881.312	743.25
664.688	215.312
821	809.438
877.188	250.125
542	683.25
755.438	112.438
102.875	860.438
413.125	464.562
708.688	325.875
626.438	437.375
514.188	397.875
317.25	661.438
771.75	506.188
526.062	862.875
378	882.875
429.312	576.125
680.875	515.5
276.938	31.875
993.375	264.75
538.938	112.375
571.188	155
768.562	664.188
78.625	712.562
497.312	723.125
486.25	269
521.812	326.875
382.25	390.875
400.25	857.688
293.062	259.688
371.688	307.75
959.688	504.375
966.562	205.938
627.75	510.062
327.75	26.875
535.688	861.625
940.5	580.062
379	355.688
940.5	580.062
771.75	506.188
242.062	711.188
627.75	510.062
379	355.688
242.062	711.188
frame 20
num = 56
59.8125	504
184.5	160
373.312	175.5
435.188	989.562
761.562	479.062
438.312	927.062
828.562	809.375
743.812	493.5
663.938	215.438
53.8125	549.25
407.938	464.625
750	575.75
625.688	436.875
416.375	47.625
523.312	64.875
593.188	509.188
480	106.625
481.312	27.625
709.188	326.25
80.75	457.75
756.375	111.688
890.688	743.188
511	397.875
500.062	723.125
539.25	683.125
574.875	154.812
483.125	269.562
310.938	661.438
291.75	259.688
886	250
871.875	488.188
98.5	860.25
379.062	882.875
686.812	515.75
518.188	326.438
772.938	505.875
275.25	31.6875
400.938	857.438
840.625	310.312
67.8125	712.5
535.375	112.438
377.312	391.375
1004.12	265
977	206.625
372.188	307.562
430.812	576.062
312.25	32.4375
970.25	504.938
357.812	91.75
538.875	861.438
945.75	582.312
374.25	357.125
626.625	509.688
233.125	710.25
626.625	509.688
290.312	419.562
frame 21
num = 54
433.875	927.312
373.438	175.625
761.75	478.688
176.188	159.688
402.75	464.875
436.188	989.688
502.625	723.125
417.438	47.625
43.0625	549
756.438	111.5
515.25	326.688
750.312	576.188
519.875	64.875
532.062	862.75
535.938	683.438
624.062	437.562
873.875	488
662.688	215.375
708.625	326.188
371.938	391.75
477.5	27.9375
731.25	528.5
379.812	882.875
507.438	397.625
94.875	860.438
898.875	742.625
401.75	857.688
578.562	154.875
692.25	515.875
532.438	112.312
57.5625	712.75
304.25	661.75
274.062	31.25
894.875	249.938
369.25	357.75
841.375	310.188
949.812	583
773.875	505.875
71.0625	457.938
305.75	32.625
764.688	665.125
291.75	259.375
352.125	92.1875
373.125	307.625
986.75	206.688
432.688	576
225.062	709.438
478.875	268.875
627.625	506.25
291.75	259.375
980.5	505.688
314.438	26.9375
225.062	709.438
402.75	464.875
frame 22
num = 52
56.875	447.625
429.688	927
761.812	479.125
505.375	723.062
374.125	175.688
398	464.875
32.875	549
167.562	159.75
621.875	437.938
516.562	64.9375
437.625	989.75
661.438	214.938
707.625	325.562
756.312	112.062
380.5	882.812
876.062	488.125
418.312	47.5
533.5	683.938
529.375	112.188
91.75	860.875
843.188	809.438
512.938	326.688
402.875	857.562
473.375	27.875
503.75	397.875
750.562	575.562
731	528.688
581.75	154.75
907.438	743.188
902.625	250.062
697.375	515.375
363.312	357.188
626.312	507.562
843	310.562
273.188	31.3125
775	505.438
48.0625	712.688
299.188	32.8125
297.5	661.812
766.125	665
290.875	260.5
366.062	391.188
374.375	307.688
474.188	268.688
346.562	91.75
434.5	576.125
996	206.812
219	710.562
772.812	665
953.812	585.938
308.375	27.0625
505.375	723.062
frame 23
num = 58
48.25	447.5
23.6875	549.375
513.562	64.875
30.1875	503.625
761.75	479.25
374.938	175.562
160.25	159.562
425.312	927.25
393.5	464.688
469.5	28.0625
909.688	250.312
507.875	723.062
750.562	574.812
439.5	989.5
467.625	106.938
526.375	111.875
850.938	809.75
510.062	327
500.688	398.312
660.562	215.375
605	508.875
89.0625	860.75
915.062	742.875
419.5	47.4375
844.062	310.688
707.438	325.688
404.312	857.625
565.125	875.438
756.062	112.875
38.5625	712.688
743.188	492.938
702.875	515.562
272.625	31.3125
381.938	883.062
584.875	154.875
877.5	488.312
341.375	91.75
771.25	664.562
774.688	506.062
361.25	391.188
292.875	32.5625
375.312	307.375
291.625	661.25
619.875	438.062
291.125	260.125
1004.06	205.688
624.438	507.562
357.312	356.562
302.812	27.5
470.562	268.312
999.25	505.688
436.625	576.375
211.875	710.375
954.688	582.438
548.438	861.062
211.875	710.375
291.125	260.125
774.688	506.062
frame 24
num = 60
40.125	447.688
15.0625	549.188
153.75	159.25
376.188	175.312
464.188	107.062
420.75	927.375
388.938	465
510.125	65
21.875	503.25
465.25	27.6875
441.312	989
761.625	479.625
510.562	723.062
751.125	575.062
916.375	250.312
523.312	111.875
922.5	742.938
878.75	488.688
755.625	112.938
356.125	390.938
420.938	47.3125
706.75	325.562
588.375	155.562
86.6875	860.812
729.438	529
707.812	515.562
506.688	326.875
496.875	398.438
272.312	31.25
405.688	857.625
467.625	268.375
568.875	876.125
658.938	215.312
618.188	437.438
526.688	683.312
287	32.4375
774.438	506.5
335.438	91.3125
438.5	576.438
291.625	259.875
743.5	492.5
29.9375	712.75
382.812	883.188
845.125	310.188
44.8125	458.125
286.125	660.75
770.688	664.25
353.188	356.75
551.438	861.5
376.312	307.438
1012.44	205.938
233.875	66.375
1007.88	506.062
622.75	506.25
296.875	27.1875
204.125	709.875
291.625	259.875
953.688	578.938
770.688	664.25
426.938	603.5
frame 25
num = 53
377.438	175.125
147.375	159.312
13.9375	503.312
506.312	65.25
443.312	989.312
417	927.125
461.562	28.125
502.438	326.438
422.375	47.25
750.438	575.25
712.312	515.938
384.562	464.938
754.625	112.625
705.375	325.625
493.125	398.188
519.812	112
765.062	665.5
513.375	723
541.938	862.875
84.8125	860.875
351.812	390.625
728.812	529
879	488.5
591.875	155.438
571.75	876.125
459.875	106.812
863.625	809.562
928.812	742.688
615.875	437.562
760.875	480.062
923.062	249.812
656.438	215.062
407.562	857.875
523.75	683.625
613.875	509
330.5	91.125
272.5	31.4375
21.6875	712.562
463.938	268.75
440.375	576.125
554.312	861.75
280.25	660.688
773.812	506.5
384	883.125
291.312	260.25
377.938	307.188
844.5	310.062
742.062	492.875
291.25	26.8125
197.875	709.562
347.438	356
961.438	588.125
291.312	260.25
frame 26
num = 56
503	65.3125
378.625	175.125
613.875	437.812
748.938	575.562
445.188	989.688
141	159.312
499.312	326.688
544.75	863.5
424.125	46.875
490.188	398
716.438	516
703.938	325.375
413.062	927
457.5	27.5
516.5	112.062
456.5	106.875
879.188	488.625
727.875	528.812
273.938	31.625
595	155.062
409.5	858
754	112.562
84	860.75
654.938	215.062
759.938	480
29.6875	457.375
380.125	464.5
615.812	508.438
291.125	260.438
934.875	743.062
520.812	683.375
929	249.938
869.562	809.75
764.062	666.438
511.062	130.562
574.312	876.062
515.75	722.75
343.562	356.938
774.5	505.438
326	91.9375
346.875	390.812
459.188	268.75
740.938	492.438
385.312	883.625
14.1875	712.062
442	576.062
843.938	310.062
379.125	306.812
957.438	580.812
556.875	862.375
274.812	660.875
191.75	709.25
285.938	26.6875
291.125	260.438
379.125	306.812
274.812	660.875
frame 27
num = 53
747.562	575.562
379.875	174.938
611.438	437.75
134.875	159.312
409.5	927.062
447	989.812
23.125	457.188
452.812	106.562
499.812	65.125
454.062	27.0625
425.5	46.9375
513.25	112.25
487.25	398.25
577.25	875.875
496.562	326.5
726.562	529.125
719.75	516.188
752.938	112.812
702.062	325.75
341.875	391.125
598	155.188
758.875	479.938
843.188	310.125
740	492.875
411	858
272.375	31.1875
83.6875	860.5
386.75	883.688
292.562	260.125
940.688	743.688
878.312	489
934.438	250.125
518	683.25
874.188	809.5
375.75	464.25
773.688	504.5
652.688	215
338.625	356.562
518.5	722.625
513.25	130.312
321.375	92
270.25	661
763.812	666.25
617.875	507.188
444.625	576.062
380.875	307.125
956.312	580.312
456.062	268.938
186.875	709.812
559.688	862.188
617.875	507.188
280.688	26.875
338.625	356.562
frame 28
num = 53
450.125	27.9375
699.75	326.062
842.312	310.438
751.188	112.062
745.625	575.625
449	989.75
580.375	876.062
381.25	174.812
550.5	863.375
405.688	927
427	47
723.312	516.438
449.125	106.562
484.312	398.375
493.375	326.25
510	112.312
877.562	489.125
725	529.125
600.688	155.188
939.25	250.312
299.312	255.188
757.688	479.562
337.75	390.812
878.375	809.812
83.875	860.25
609.25	438
496.188	65.125
945.562	743.812
514.812	683.25
412.562	857.688
649.688	214.875
772.062	504.312
316.875	92.3125
515.375	129.688
372.312	464.125
738.062	492.438
453.25	268.938
388.562	883.312
610.562	509.312
265.625	660.938
274.438	29.3125
446.75	575.75
761.75	666.125
382.812	307.062
521.25	722.812
954.938	580.188
181.75	709.312
333.5	355.312
954.938	580.188
333.5	355.312
610.562	509.312
772.062	504.312
265.625	660.938
frame 29
num = 55
882.438	810
450.688	990
402.375	927.438
124.625	159.5
553.312	863.562
749.062	112.688
582.75	876.375
697.5	326.188
743.188	575.938
428.75	46.9375
507	112.312
876.438	489.5
755.312	479.188
511.625	683.625
383.25	174.688
480.812	398.125
334.188	390.938
492.75	65.125
606.125	438.125
725.875	516.625
949.688	744.312
647.312	214.938
84.125	860.125
603	155.062
447.062	27.0625
489.688	326.438
414.75	857.562
273.625	29.0625
312.312	91.5
517.812	129.875
722.75	528.812
944.188	250.062
444.938	106.625
608.625	508.125
770.75	504.062
449.562	269
626.062	507.688
841.312	310.312
762.812	665.688
735.688	493.125
524.312	723.125
953.875	580.125
384.75	306.688
391.062	883.25
368.5	464
261.375	661.125
449.125	575.625
176.688	709.312
565.812	861.75
329.125	355.75
300.375	255.125
953.875	580.125
294.625	259.938
329.125	355.75
176.688	709.312
frame 30
num = 53
120.5	159.188
746.5	113.25
752.938	479.375
556.188	863.438
452.312	990
526.938	723.125
741.438	576
430.625	47.125
398.875	927.688
585.062	876.25
695.125	325.938
503.75	112.5
603.438	438.062
477.688	398.062
489.312	65.25
875	489.5
948.562	250.125
385.125	174.562
644.75	214.875
729.125	516.375
85.1875	860.062
720.312	528.812
733.938	493.438
886.562	810.062
330.625	391
520.125	130
417.375	857.875
276.125	30.1875
508.75	683.562
443.25	27.25
953.625	744.5
606.312	508.25
325.375	355.688
768	504.75
605.875	154.562
441.375	106.812
838.562	310.438
486	326.688
364.25	464.312
257.812	31.75
629	508.562
445.438	269.062
951.938	579.25
387.062	306.625
296.688	259.75
451.188	575.562
257.938	661.188
308.062	91.9375
568.438	860
171.938	709.188
758.688	665.625
392.75	882.938
951.938	579.25
frame 31
num = 51
750.562	479.562
739.312	575.938
454.25	989.75
731.812	493.438
744.312	112.875
115.562	158.75
505.375	683.438
277.938	30.125
394.875	927.625
500.5	112.438
432.375	46.8125
474.438	397.875
717.688	529.312
667.75	17.3125
485.938	65.25
642.25	214.938
692.5	325.938
732.688	515.812
86.375	860.375
890.125	810.25
600.75	437.812
952.062	250
587.125	876.062
836.625	310.875
522.25	129.938
418.875	857.625
387.062	174.5
441.938	269.062
602.5	509.188
956.562	744.312
765.75	504.562
873.062	489.938
529.625	723.375
482.375	326.625
439.125	26.9375
631.25	508.438
394.812	883
608.562	155.062
299	259.125
437.812	106.625
304.375	92.0625
361.188	464.625
169	709.875
755.5	665.562
951.625	580.5
389.062	306.562
570.125	861
322.125	355.938
453.375	575.688
253.875	661.25
322.125	355.938
frame 32
num = 52
112.25	158.375
741.688	112.562
737.125	575.625
728.938	493.562
456.688	989.812
280.125	30.4375
392.062	927.312
483	65.125
532.062	723.25
471.312	397.688
689.812	326.375
639.812	215.125
434.312	46.75
955.062	250.188
438.625	269.125
502.188	683.312
715.062	529.312
589.875	876.188
748.25	479.688
893	810.188
598.188	437.938
664.062	18.0625
602.688	506.062
833.938	310.812
88.4375	860.125
735.75	516.375
496.688	112.312
524.5	130.062
480.062	326.312
436.125	27.4375
421.312	857.812
959.938	744.562
633.75	508.5
397.312	882.688
869.938	489.375
260	26.4375
300.312	91.8125
389.062	174.375
611.25	154.75
435.125	106.562
752.562	666.125
357.75	464.812
391.688	306.562
318.25	355.875
763.5	504.812
250.188	661.375
951.125	582.562
165	709.25
301.062	259.25
455.625	575.062
572.312	861.562
760.375	665.188
frame 33
num = 56
109.5	159.188
725.5	493.562
738.688	516.688
867.375	488.875
734	575.875
480.438	65.125
957.375	250.375
282.438	30.4375
436.812	46.6875
738.312	112.812
459	989.875
389.188	927.5
712.375	529.5
687.062	326.125
476.438	326.188
895.25	810.5
595.062	437.75
962.75	744.438
468.438	397.75
435.812	269.312
432.625	27.625
636.312	214.875
526	130.438
757.75	665.062
297.562	91.875
592.688	876.125
499.062	683.688
432	106.688
636.25	508.938
745	480.375
354.438	464.688
90.9375	860
493.062	112.438
423.688	857.938
256.75	26.375
596.188	508.812
831	310.812
390.938	174
393.688	306.312
315.125	355.875
613.938	154.438
304	259.625
947.062	581.188
400.125	882.812
246.625	31.625
534.25	723.188
247.688	661.375
319.688	390.625
761.5	503.875
458.25	575.5
574.688	860.812
161.062	709
761.5	503.875
947.062	581.188
426.375	603.375
161.062	709
frame 34
num = 54
791.438	20.6875
787.75	38.875
439.375	46.1875
730.625	576.188
740.875	516.75
386.25	927.938
864.188	488.938
734.438	112.625
708.875	529.938
638.625	508.688
722.125	493.438
477	65.125
964.438	744.25
432.188	269.5
473.188	326.312
959.312	250.188
461.062	990.188
495.812	683.938
284.5	30.3125
632.938	214.5
683.375	325.875
429.312	27.3125
594.812	876.25
351.75	464.438
591.875	437.938
528.438	129.875
464.625	397.75
426.5	857.75
741.938	480.938
897.375	810.562
93.75	859.812
428.812	106.25
489.562	112.188
294	91.6875
615.688	154.625
316.5	390.5
402.688	883.188
253.938	26.4375
591.125	510
393.5	174.188
827.25	311.25
752.75	665.25
396.125	306.188
536.688	723.25
244.188	31.5
309.25	256.375
943.062	581
757.938	503.938
659.812	12.5
461.562	575.75
244.5	661
312.25	355.75
158.25	709.125
427.25	603.5
frame 35
num = 55
104.375	159.312
860	489.312
726.812	576.25
738.188	480.562
383.375	927.938
473.688	65.1875
463.812	990.375
640.625	508.375
441.25	45.8125
588.062	438.125
705.312	529.938
426.688	27.1875
428.875	269.5
821.812	311.125
470.375	326
628.812	214.625
97.3125	859.5
493.25	684.312
730.562	113.188
429.188	858.125
679.562	325.5
743.875	666.5
286.688	30.25
718.5	493.625
530.75	129.312
966.188	744.25
486.375	112.938
461.438	397.562
899.062	810.5
960.875	250.062
348.688	464.688
617.438	154.125
742.562	516.562
313.875	390.812
935.312	578.812
405.75	883.375
218.938	999.062
1004.75	752.188
396.188	174
588.25	510.375
539.25	723
290.812	91.4375
464.125	575.562
398.875	305.875
250.688	26.75
155.875	708.125
241.5	660.625
425.438	106.062
240.812	31.25
309	355.062
309.812	257.75
580.188	861.125
309	355.062
430.5	620.75
935.312	578.812
frame 36
num = 53
900.562	810.438
426.062	269.438
714.375	494.688
466	990.312
381.062	927.875
443.688	46
722.688	576.375
726.625	113.125
423.938	27.25
642.562	508.562
855.5	489.688
570.25	862.062
734.375	481
961.312	250.062
818.625	311.688
431.312	858.062
470	64.9375
738.375	666.75
483.562	113.062
701.438	529.562
532.688	129.188
100.562	859.312
345.438	465.062
468	325.688
289.812	30.5
490.125	684.062
967.125	744.125
625.375	214.5
422.188	106.25
676	325.125
408.25	883.062
458.438	397.688
585.812	509.875
311.688	391
584.5	437.875
618.875	154.5
248.25	26.5
398.938	174.062
288.438	90.875
541.562	723
238.5	31.25
401.812	305.875
934.188	581.312
582.062	861.062
466.438	575.438
315.875	254.875
154.25	708.812
306.438	354.938
239.125	660.125
743.625	516.625
746.688	665.688
306.438	354.938
466.438	575.438
frame 37
num = 55
101.562	158.688
581.25	437.875
710.438	494.438
423.5	268.938
572.562	862.375
718.75	576.5
378.438	927.812
466.625	64.875
730.375	480.812
10.125	478.938
468.312	989.875
418.75	106.75
644.375	508.562
420.688	27.1875
486.875	683.938
850.312	489.625
446.188	45.8125
410.438	883.312
343.75	465.25
534.125	129.125
735.375	666.5
480.812	113.062
697.312	529.688
464.062	326.25
722.75	113.25
961	250.062
105.062	859.438
434.25	857.938
813.688	311.625
309.5	391.188
900.625	810.312
967.625	744.188
293.125	30.5
672	325.25
401.938	173.812
621.375	214.688
620.875	154.688
584.062	509.188
455.438	397.562
286	91.1875
405.062	306.062
543.938	722.875
236.938	31.25
468.5	575.312
246.062	26.25
929.688	581.875
153.562	708.875
583.875	860.875
315.688	258.062
304	354.625
237.25	660.625
735.375	666.5
304	354.625
929.875	582.125
407.938	610.562
frame 38
num = 57
101.25	158.438
706.562	494.562
15.125	479.188
714.625	576.312
725.875	480.938
376.188	927.5
341.875	464.938
463.188	65
483.5	683.562
960.438	250.562
602.875	876.75
845.188	489.812
646.375	508.562
448.312	45.6875
470.688	989.75
417.25	27
461.25	326.688
692.938	529.938
110.5	859.5
535.75	129.312
477.812	113.062
577.625	437.938
717.938	112.938
420.562	268.688
414.125	883.5
900.812	810.5
967.062	744.188
437.375	857.875
404.75	173.688
808.625	311.812
416.312	106.375
731	666.375
297.188	30.375
622.188	154.5
581.312	508.812
642.625	19.8125
235.062	31.625
452.5	397.438
617	214.688
546.188	723.188
667	324.938
408.25	305.812
307.562	390.625
745.875	516.688
152	709.438
471.688	575.25
922.062	579.938
585.625	861.375
742.25	504.25
318.75	258.688
283.875	91.0625
235	660.75
244.375	25.875
301.062	355.062
443.188	718.875
301.062	355.062
409.562	610.5
frame 39
num = 55
100.938	158.562
720.75	480.75
373.875	927.562
701.875	494.812
839.812	489.938
414.125	27.6875
802.438	312
460.125	64.9375
480.438	683.812
688.812	530.438
473	989.812
746.562	516.5
713	112.812
709.438	576.25
115.625	859.375
613.188	214.812
647.938	508.5
450.625	45.5625
966.062	743.938
407.5	173.125
440.562	857.75
959.062	250.375
573.75	438
537.688	129.75
474.312	112.938
766.062	33.5
339	464.5
623.938	154.438
899.938	810.562
662.438	325.375
734.375	506.5
575.938	509.5
734.25	665.875
458.188	326.438
301.188	30.3125
413.438	106.562
548.5	723.312
449.625	397.625
150.562	708.875
474.75	575.312
411.438	305.625
417.438	882.938
766.062	33.5
281.875	90.75
300.5	355.938
647	7.625
234.125	661
322	258.562
917.688	582.125
587.688	860.812
300.5	355.938
305.062	390.312
430	735.5
322	258.562
474.75	575.312
frame 40
num = 52
696.812	494.375
27.875	479.062
797.938	312.562
372.062	927.688
569.938	438.188
337.25	464.688
705	576.125
410.875	106.312
834.062	490.125
964.375	744.062
121.062	859.25
747.375	516.562
708.125	112.562
899.562	811.125
443.562	857.938
715.688	480.75
410.5	173.312
452.75	45.375
456.875	65.25
470.812	113.312
608.875	215.062
410.75	27.25
684.312	530.25
477.375	684.062
957.688	250.5
475.625	990.062
658.5	325.688
304.812	30.125
649.062	508.25
721.938	666.312
634.5	14.75
571.812	510.25
232.625	661.188
454.938	326.438
300.312	356.875
550.812	723.125
625.438	154.188
721.938	666.312
241	26.25
280.312	91.125
446.812	397.938
732.375	504.188
420.625	883.312
414.375	305.875
910.312	582.438
325.688	258.938
589.25	860.875
477.562	575.188
413.5	268.125
150.875	709.25
303.375	390.812
444.625	721.188
frame 41
num = 52
35	479
370.562	927.562
691.625	494.625
413.75	173.312
700.562	576.625
467.812	113.312
747.5	516.188
715.562	666.688
827.625	490.188
791.562	312.125
453.625	65.375
446.438	857.875
566.875	437.875
955.312	250.688
408.375	106.438
962.312	744.188
703.062	112.5
455.812	45.3125
897.812	810.75
278.938	91.0625
653.812	326
336	464.688
127.438	858.812
478.75	989.875
298.188	356.188
474	684.375
308.938	30.125
710.188	480.625
604.688	215.125
407.812	27.0625
679.5	529.75
626.75	154.125
650	507.75
754.312	35.6875
424.062	883.125
411.125	268.562
727.312	503.75
229.875	30.6875
902.25	581.375
452.562	326.438
302.562	390.5
553.5	723.625
444.062	397.688
14.8125	613.562
568.25	508.75
631	10.25
480.25	575.25
232.188	660.812
417.688	305.812
591.562	859.938
150.688	709
330.5	257.812
frame 42
num = 51
42.6875	478.75
405.312	27.125
369.188	927.5
648.75	326.375
451	65.5625
278	91.125
481.375	989.938
695.125	577.188
698.125	112.062
464.938	113.25
449.75	857.75
746.625	516.312
953.062	250.75
471.5	684.5
334.25	464.438
959.938	744.375
704.875	480.25
458.625	45.4375
409.875	268.312
710.438	666.625
555.438	723.438
416.75	172.938
627.938	154.625
600.25	215.125
133.875	858.625
821.125	490
561.938	438.125
686.438	494.5
650.812	507.438
313.062	29.875
895.812	811.312
565.188	508.688
674.25	530.312
748.25	32.375
449.938	326.438
784.562	312.062
483.125	575.875
232.125	661.125
895.688	582.312
229.75	30.75
296.812	356.125
421.062	305.625
427	883.125
442.125	397.875
719.438	506
152.875	710.875
301.688	390.688
626.375	8.1875
22.75	613
747.125	39.375
335.188	257.75
frame 43
num = 51
50.875	478.75
367.25	927.875
643.062	326.688
814	489.688
689.5	577.125
692.188	111.75
484.25	990.188
703.688	666.875
712.375	506.75
448.25	65.375
453.188	857.625
403.25	27.1875
462.25	113.188
740.438	39.375
469.25	684.5
332.75	464.438
557.438	723.5
699.375	480.188
461.438	45.9375
893.5	811.188
651.312	507.188
669	530.75
681.125	494.5
628.562	154.562
778.125	312.438
746.375	516
277.125	90.875
949.812	250.625
956.812	744.688
141.125	858.812
231.938	660.875
317.125	29.75
407.812	269
447.312	326.375
420.438	172.938
295.438	355.875
595.875	214.938
557.375	437.938
618.875	14.6875
424.625	305.562
153	709.75
230.062	30.5
439.375	398.375
485.812	575.375
31.5	612.812
402.875	106.375
886.688	580.438
559.312	509.125
430.375	882.875
342.25	256.062
301.125	391
frame 44
num = 55
59.125	478.562
637.938	326.688
734.25	39.5625
486.875	990.312
890.75	811.375
738.438	18.8125
686.125	112.375
464.188	45.625
683.562	576.812
445.438	65.25
663.875	531.062
693.438	480.188
456.562	857.688
806.375	490.5
745.938	516
554.125	437.25
699	666.75
676.312	494.5
771.438	312.438
559.75	723.562
459.188	112.688
331.75	464.562
591.312	215.25
238.688	25.5625
629	154.938
466.25	684.312
401.625	27.4375
149	858.875
40.5625	612.875
405.5	269.125
651.625	507.312
434.938	882.438
945.875	250.625
596.312	859.062
423.938	173
401	106.688
708.312	505.125
276.438	90.4375
444.75	326.438
232.875	661.062
428.625	305.5
953.312	744.625
294.875	355.938
154.625	709.062
229.688	30.3125
322.125	29.9375
349.188	254.25
488.938	575.312
614.25	15.4375
437.25	398.188
559.625	505.938
877.312	579.5
298.562	389.812
881.438	586.812
567.875	771.062
frame 45
num = 55
67.625	478.812
632.875	326.625
490.062	990.188
727.75	39.1875
460.25	857.75
679.562	112.875
764.125	312.375
442.625	65.1875
888.062	811.125
399	106.438
467.125	45.3125
462.875	684.312
330.938	464.375
658.062	530.875
798.125	490.25
403.562	268.75
550.625	437.312
677.562	576.875
239.688	25.5
608.875	14.8125
670.062	494.562
157.5	859.25
744.875	515.625
692.812	666.938
439	882.562
687.562	480.125
597.562	858.938
562.25	723.25
398.5	27.4375
652.062	507.5
427.75	172.75
629.312	154.938
699.125	666.562
275.875	90
156.5	708.25
295.125	355.75
941.5	250.562
586.312	214.938
455.812	112.062
949.188	744.875
327.188	29.1875
352.938	255.125
434.562	397.312
442.562	326
432.188	305.438
491.688	575.5
699.562	507.562
233.812	660.812
298.625	389.5
50.4375	612
555.562	506.25
869.062	580.938
550.25	510.062
295.125	355.75
567.625	771.312
frame 46
num = 58
627.375	326.688
363.688	927.688
12.125	455.125
673.375	112.812
463.5	857.625
492.75	990.438
330.5	464.062
884.625	811.188
440.188	65.125
396.625	27.5625
652.062	531.062
663.812	495
685.875	667.25
790	490.188
469.875	45.125
460.688	683.938
756.375	312.062
546.875	437.812
166.438	858.938
671.375	576.625
397.5	106.562
452.625	112.062
743.562	516.375
598.875	858.812
402.062	268.938
721.812	33.6875
586.938	863.188
693.688	666.375
276.375	89.625
681.125	479.938
431.812	172.5
937.125	251.062
240.812	25.75
432.312	397.625
442.188	883.312
694.375	506.062
629.562	154.625
652.812	507.938
944.25	745.125
299.312	390.25
159.125	708.25
332.5	29.1875
581.125	214.812
563.062	723.375
358.625	254.438
436.188	305.25
295.938	355.75
440.312	326.062
611.5	12.5
495.5	575.688
233.938	660.688
721.812	33.6875
546.812	509
861.062	583.188
546.812	509
295.938	355.75
546.875	437.812
565.125	771.062
frame 47
num = 50
330.312	464.188
621.812	326.438
667.062	112.875
363	927.562
495.75	990.562
646.625	530.875
675.062	479.562
542.5	438.062
466.688	857.562
472.562	45.0625
437.812	64.875
235.875	661.5
665.062	576.562
565.438	723
299.312	390.312
175.062	858.875
741.938	516.562
781.375	490.5
400.312	268.875
394.562	27
430.5	397.875
337.938	28.8125
713.5	39.4375
458.625	684
686.875	666.312
436	172
450	112.188
277.5	89.6875
576.125	214.75
395.75	106.375
599.875	859.375
653.688	508.062
630	154.375
445.938	883.188
939.688	745.062
686.875	507.188
499.375	575.25
364.062	254.062
72.25	612.438
440.375	305
931.625	250.75
544.875	507.625
437.438	326
848.562	579.812
161.125	708.438
295	354.625
598.25	15.8125
295	354.625
848.688	580.125
675.062	479.562
frame 48
num = 55
20.375	445.062
659.875	113.188
616.188	326.688
498.625	990.562
658.875	576.75
391.938	27.125
362.562	928
640.375	530.938
675	667.125
708.75	23.8125
470.562	857.438
538.125	438
705.688	39
740.875	516.812
397.812	268.25
475.438	45
435.062	64.4375
330.25	463.938
428.875	397.562
571.5	214.688
773.25	490.062
739.375	312
184.188	858.938
447.688	112.25
654.188	508.188
344	29.0625
439.688	171.938
300.688	390.875
435.5	326.125
934.812	745.25
630.688	154.625
542.625	506.375
668.375	480.25
839.562	580.312
502.438	575.062
675	667.125
1013.25	209.25
567.812	722.938
237.5	660.688
393.438	105.875
600.75	859.875
444.312	304.938
679.75	507.688
590.312	862.188
369.062	254.812
456.062	684.125
450.312	883.438
295.188	354.312
164.188	708.625
926.312	250.75
18.8125	537.875
1013.44	506.562
1013.25	209.25
295.188	354.312
18.8125	537.875
frame 49
num = 59
534.312	438.062
731.188	312.25
502.188	990.188
668.938	666.75
653.188	113.312
653.125	576.688
738.438	516.625
871.5	811.062
610.562	326.75
362.625	928.25
432.812	64.375
474.562	857.5
390.5	26.8125
929.25	745.062
298.312	997.375
349.875	29.3125
644.562	494.5
653.625	508.375
194.438	858.75
396.625	268.438
698	36.75
566.562	214.562
329.938	463.938
592.25	863.312
478.812	45.3125
445.5	111.938
633.75	530.625
426.938	397.812
630.625	154.062
444	171.875
764.188	489.938
29.6875	543.812
569.625	722.75
505.438	575.312
433.938	326.062
392.375	105.938
301	390.188
673.5	507.312
538.312	507.25
1005.25	208.5
454.938	883.438
587.25	14.6875
375.625	253.812
239.438	660.375
170.25	711.25
453.312	684.125
296.125	354.188
920.062	250.625
96	612
601.812	859.875
831.125	582.562
448.562	304.75
14.375	711.312
1005.94	506.5
538.312	507.25
296.125	354.188
1005.25	208.5
15.125	613.625
569.625	722.75
frame 50
num = 59
754.812	490.25
505.438	990.25
646.688	576.625
722.438	311.75
646.562	113.25
530.062	438.5
330.688	464.188
593.375	863.438
478.812	857.312
866.312	811
922.75	744.875
430.562	64.1875
301.812	390
736.125	516.562
638.125	494.812
913.938	250.875
377.812	257.562
689.688	38.9375
654.125	480.938
604.375	326.875
442.688	112
9.375	546.5
660.188	666.75
204.188	858.5
362.312	927.938
389.75	26.875
627.875	530.812
355.688	29.4375
482	45.5625
459.625	883.375
448.062	172
561.375	215.188
582.75	12.4375
424.875	397.688
629.688	153.625
390.5	106.188
996.75	208.438
665.688	506.562
508.438	574.875
450.688	683.688
534.75	507.25
431.562	326.062
172.312	709.25
241.688	660.438
44.25	539.688
819	582.188
453.25	304.375
108.375	611.75
299.062	356.438
299.062	356.438
571.938	722.312
819	582.188
998	506.812
21.75	711.188
996.75	208.438
24.625	613.5
9.375	546.5
23.25	658.375
12.625	657.125
frame 51
num = 57
43.4375	445.5
508.75	990.25
525.688	438.312
331.438	464.438
745.375	490.25
713.312	311.875
916	745.125
640.062	113
482.75	857.188
621.938	530.875
389.562	105.875
556.25	215.188
646.938	481
598.188	326.812
464.125	882.938
733.312	515.875
653.688	666.75
440.125	111.812
681.562	39
861.125	811.438
428.312	63.875
422.812	397.75
485.625	45
362.312	928.062
594	863
656.375	507.062
384.312	256.938
452.062	172.125
573.25	722.688
429.438	325.875
213.938	858.438
1014.44	266.562
387.688	26.6875
906.812	250.875
17.5625	546.562
987.938	208.5
58.5625	535.125
808.062	582.75
629.875	153.688
177.375	708.75
361.625	28.625
531.188	507
448.625	683.812
244.75	660.375
300.375	356.5
576.438	15.8125
511.375	574.875
457.562	303.875
988.938	506.812
120.75	611.625
603.188	860.75
29.125	711.5
576.438	15.8125
987.938	208.5
37.875	613.5
573.25	722.688
42.9375	579.125
frame 52
num = 65
34.375	501.5
735.438	490.438
511.562	990.375
521.25	438.375
704.938	312
908.25	745.25
486.312	857.5
592.812	326.5
673.062	39.0625
283	89.625
426.125	64
304.75	389.938
651.875	507
631.812	576.688
551.5	214.938
615.125	530.562
730.562	516.188
421.375	397.812
632.375	113
855.375	811.5
389.312	105.5
639.938	481.125
797.125	583.5
456.688	172.062
624.938	495.312
649.625	666.812
488.688	45.0625
595	862.125
386.812	26.4375
437.375	111.75
300.688	355.625
332.375	464.438
468.25	883.312
362.625	927.938
26.4375	546.562
248	660.75
629.875	153.812
368.188	28.5
225.125	858.312
427.75	325.562
649.625	666.812
899.625	250.625
74.0625	535.062
515	574.875
977.75	208.062
1003.44	266.25
570.5	14.625
462.5	304.188
526.25	507.75
182.188	708.625
393.875	253.438
446.812	684.125
38.125	711.062
575.062	722.625
134.75	611.438
979.5	506.812
603.938	861.188
1011.56	566.25
248	660.75
977.75	208.062
51.125	613.062
26.4375	546.562
51.125	613.062
575.062	722.625
49.3125	579.125
frame 53
num = 59
43.6875	501.312
62.75	453.625
514.5	990.438
850	811.312
725.062	491
517.125	438.25
284.625	89.625
623.938	113.188
664.5	39.25
624.938	577.062
900.312	745.438
608.625	531
490.062	857.625
546.188	214.75
491.562	44.875
586.438	326.5
639.25	666.938
460.75	171.625
424.25	64.1875
305.812	389.875
36	545.688
727.312	516.188
301.562	354.75
695.75	311.812
633.125	481.062
472.375	883.062
595.938	862.75
363.125	928
629.375	153.688
419.938	398.125
435.375	111.875
392.312	269.25
618.5	495.562
426.25	325.75
520.875	508
333.062	464.188
388.188	105.312
467.312	304.25
967.625	207.812
785.812	584.188
251.812	660.625
400	252.875
565	15.25
891.438	250.438
518.188	574.438
88.25	540.625
647.562	506.312
992.688	266.625
445.188	684.062
47.1875	711.062
576.5	722.375
187.125	709.688
147.812	611.125
970.188	507.062
785.625	583.875
57.8125	657.625
69.5	578.375
967.625	207.812
576.5	722.375
frame 54
num = 59
517.438	990.438
843.375	811.312
512.562	438.125
616.625	112.812
383.312	27.3125
304.188	355.688
494.625	44.5
656.125	39.375
579.812	326.5
465.188	171.875
540.812	214.812
714.562	490.75
618.25	577.312
333.812	464
723.875	515.75
364.375	927.875
471.562	304.5
629	153.812
891.75	745.312
685.25	311.812
597.5	863.5
422.25	64.3125
632.25	667.125
625.688	481.25
433.375	111.688
477.5	883.5
650	507.5
387	105.188
636.188	506.812
249.062	858.312
46	545.625
418.812	397.938
391.438	268.938
578.312	722.625
254.938	660.438
610.5	495.438
340.625	997.875
516	507.75
405.688	253.188
424.75	325.438
104.25	542.625
957.062	208.312
883.188	250.688
521.625	574.438
772.438	581.938
559.25	14.375
57.1875	711.062
776.125	590.188
162.062	610.625
192.438	708.625
980.938	266.125
959.938	507.062
1003.19	451.312
442.062	683.688
24.4375	701.562
73.1875	658
57.1875	711.062
957.062	208.312
578.312	722.625
frame 55
num = 57
82.3125	454
520.312	990
617.875	481.812
469.375	172.062
385.188	26.8125
720.25	516.188
675.125	312.562
835.875	811.625
508.688	438.188
336.25	464
608.75	113.562
573.562	326.688
535.312	215
704.062	490.188
552.25	14.3125
610.438	577.062
390.688	268.125
882.125	745.438
646.438	39.75
624.5	666.938
57.375	546
627.812	153.75
498.312	857.812
579.438	722.625
260.688	858.062
481.938	883.125
648.688	507.438
497.875	44.3125
365	928
422.938	325.188
476.438	304.125
603.938	495.062
599	862.375
411.938	253.938
305.688	354.812
629.625	505.438
417.75	397.625
259.188	660.5
420.188	64
946.062	208.5
431.375	111.5
122.5	534.875
524.25	574.812
874.062	251
763.562	590.312
512.5	506.562
67.9375	710.875
305.688	354.812
198.625	708.312
969.312	266.625
177.312	610.562
948.438	507
990.562	451.5
440.188	684.062
87.125	657.938
579.438	722.625
946.062	208.5
frame 56
num = 68
157.625	305.438
716.625	516.25
523.125	990.25
200.812	476.188
596.438	494.625
828.125	811.812
473.875	171.75
391.188	267.688
609.812	481.938
637.5	39.4375
601.375	112.812
665.812	312.125
504.938	438.5
602.688	577.438
588.25	530.062
693.25	490.062
648.25	508
68.125	545.562
581.125	722.5
365.5	928.125
529.938	214.938
383.75	25.8125
566.875	326.312
502.812	857.562
501.125	44.375
618.938	666.875
337.438	463.625
563.812	128.125
429.438	111.25
421.312	325.188
256.688	28.9375
359.625	997.5
272.312	857.688
308.75	355.312
971.438	824.375
418.875	63.75
617.5	877
546.75	15.4375
481.062	304.312
620.312	506.5
486.438	882.875
626.312	153.75
873.125	745.188
933.812	208.062
138.25	535.188
598.312	863
416.25	398.25
417.438	253.688
997.125	485.062
312.875	390.062
192.75	611.312
508.375	506.5
994.875	829.25
864.375	250.938
263.375	660.125
308.75	355.312
936.25	506.812
395.562	27.5
78.5625	710.625
527.5	574.312
956.438	266.438
977.25	451.438
618.938	666.875
205.812	709
546.75	15.4375
438.625	683.625
104.938	658.812
581.125	722.5
frame 57
num = 69
66.125	850.438
30.8125	524.5
87.0625	500.438
215.625	476.312
712.562	516.125
525.812	990.375
819.812	812
478.562	171.5
311	355.125
654.938	312
500.25	438.062
560.125	326.375
854.812	250.875
389.75	267.625
79.875	545.375
504.5	44.125
646.312	508.062
949.812	824.625
261.312	28.8125
582.562	722.625
682.5	490.438
588.75	494.125
367	928
539.625	14.75
506.688	857.312
627.938	39.125
564.75	128.625
595.688	577.875
999.5	835.062
491.188	882.625
385	105.375
382.125	26
592.938	112.5
285.438	857.688
524.375	214.75
732.875	580.812
427.875	111.375
369.062	998.312
155.5	536.25
974.312	485.25
420.062	325.125
625.375	153.5
863.375	745.438
617.5	876.875
208.125	611.25
402.25	27.375
315.688	389.75
599.062	862.312
601.5	481.438
608.312	667.062
417.312	63.625
921.188	207.812
501.75	509.188
485.688	304.188
414.938	397.688
998.875	289.25
531.125	574.625
339.062	463.938
963.25	451.375
423.875	254.562
267.125	659.5
943.562	266.562
211.562	708.938
437.25	683.75
924.688	507.062
90.3125	710
612.062	505.688
211.562	708.938
582.562	722.625
frame 58
num = 70
185.188	156.375
86.75	850.188
44.875	524.312
115.25	453.312
98.5625	500.125
230.062	475.875
708.438	516.125
496.375	437.812
811.188	811.875
528.688	990.125
381.438	26
482.875	171.438
497.375	509.938
92.4375	545.312
314.812	354.812
410.25	27.125
415.5	63.6875
644.438	312.438
507.25	43.8125
553.188	325.938
510.625	857.25
266.875	28.375
585.062	112.375
587.188	577.312
378.5	996.75
618	38.875
592.812	480.625
599.812	667.312
389.875	267.438
573.125	530.25
670.375	490.625
644.5	507.688
518.75	214.938
565.375	128.75
624.562	153.625
928.062	824.812
496.5	883.188
616.75	876.562
602.188	507.125
950.375	485.312
414.062	397.562
298.375	857.625
719.062	581.812
384.938	105.25
174.375	533.75
318.562	389
418.938	324.938
534.5	15.5625
219.188	708.312
222.812	610.938
425.562	111.062
844.625	250.938
367.875	927.688
272.375	660.812
973.375	289.5
582.688	722.625
599.312	862.375
580.5	494.438
853.25	745.5
340.562	463.688
490.75	303.812
908	207.562
314.812	354.812
930.438	267.188
433.375	253
534.312	574.812
435.375	683.125
912.188	506.625
102.312	709.562
948.625	451.25
frame 59
num = 66
59.5625	524.062
126.25	444.25
703.812	516.375
245.125	475.688
105.125	545.562
633.812	312.375
492.062	437.562
413.812	63.375
532.312	990.312
487.438	171.062
658.938	490.5
905.062	825.375
593.812	506.688
382.375	25.5625
706.25	582.062
576.938	112.125
546.5	325.875
192.562	532.938
623.5	153.938
514.688	857.062
527.25	15.625
593.562	667.125
801.812	811.75
417.375	27.375
565.562	530.625
239.562	611.312
962.938	902.688
417.75	325.562
300.875	88.375
318.188	355.312
608.562	38.6875
500.75	882.875
512.75	214.875
643.062	507.25
387.688	997.938
271.062	28.125
584.562	480.562
510.75	43.8125
600.562	863.375
343.312	463.438
413.438	397.875
423.188	110.688
311.125	856.938
580.062	577.188
926.5	485.312
492.5	510.375
440.125	252.938
369.562	927.938
1003.69	518.812
495	303.75
226.625	707.312
536.938	574.25
843.312	745.688
583.375	722.438
895.375	208.375
277.312	660.625
389.5	267.188
440.125	252.938
833.375	250.688
916	266.75
572.688	494.688
434.125	683.188
114	709.812
949.5	289.125
899.375	507.25
934.688	451.625
frame 60
num = 74
87.375	127.938
203.5	155.875
138.875	443.438
221.938	304.625
75.1875	524.375
15.1875	505.312
118.312	544.812
261.812	475.062
520.688	12.8125
345.812	463.312
535.875	990.125
539.875	326.25
881.875	824.938
647.812	491.25
692.75	582.625
305.25	88.3125
413	63.4375
518.5	857.125
698.688	516.125
586.438	667.125
599.875	863
568.375	112.312
256.688	611.062
280.5	24.3125
412.812	397.188
622.688	311.125
585.562	506.75
514.062	43.125
923.562	289.375
936.625	903.062
210.625	533.062
615.75	877.125
507.938	215
492	170.938
622.062	153.375
994.812	914.938
422.188	110.688
382.188	24.75
558.75	530.125
280.5	24.3125
447.188	252.188
640.812	506.938
324.188	857
832.188	745.5
792.938	811.875
325.562	389.875
540.375	574.875
576.188	480.75
901.688	485.375
487.812	437.25
321.188	354.625
881.5	208.438
505.438	883.125
565	494.625
598.25	38.9375
424.438	26.625
571.625	577.688
398.312	997.625
416.812	325.062
499.875	304.125
585.75	722.312
389.562	267.5
371.188	927.562
822.75	251.062
488.375	510.625
985.312	518.25
234.5	707.562
885.562	506.625
900.688	266.812
127.625	709.875
282.875	659.062
432.312	683.312
918.938	451.438
146.125	702.875
frame 61
num = 71
102.688	127.5
91.375	153.438
152	443.562
238.938	304
91	524
24.3125	664.25
131.562	545.375
276.75	475.188
539.312	989.812
911.062	903.625
678.25	582.438
858.625	825.312
611.625	311.562
533.438	326.125
411.938	63.375
577.25	505.938
382.188	25.5
559.688	111.75
502.812	214.5
408.188	997.75
620.438	153
323.5	354
573.625	666.562
588.625	38.9375
599.875	862.25
453.938	252.5
517.188	42.8125
999.25	437.5
636.25	491.062
996	64.6875
497.125	170.312
272.688	611.188
412.75	396.938
987.938	106.125
486.625	506.438
483.312	437.688
614.875	876.938
694.062	515.875
385.812	104.312
504.312	303.438
337.312	857.562
515.25	11.6875
984.312	798
510.688	883.438
229.062	533.312
782.812	812.062
432.688	25.875
372.75	927.562
568.312	481.938
543.188	574.875
866.938	207.875
876.812	486.125
420.625	111.062
557.625	494.438
821.25	745.75
347.562	463.062
289.188	658.688
586.938	722.188
897.25	289.5
242.812	708.312
639.25	507.125
551.438	530.25
810.812	250.812
903.25	451.375
965.812	518
430.938	683.875
415.938	325.375
139.938	709.625
886	267.125
515.25	11.6875
871.812	506.875
frame 62
num = 72
123.5	933.625
108.938	152.5
76.9375	610.188
165.25	443.625
107.812	524
166.188	452.562
175	849.25
82.0625	486.125
146.188	545.312
480	437.5
549.875	494.438
542.062	990
329.062	354.312
382.125	25.375
600.688	311.812
502.625	170.25
509.312	11.5625
291.375	24.125
550.875	111.938
293.75	475.438
834.688	825.125
411	63.625
418.938	997.562
528.312	856.625
526.375	326.25
664.438	583.125
567.812	506.5
883.125	903.062
418.688	111.062
546.062	574.625
389.812	267.312
566.062	666.688
515.875	882.688
441.25	26.75
774.25	811.875
249.25	533.938
977.062	437.875
600.688	861.875
482	507.438
809.5	745.812
962.688	797.75
623.375	490.75
579.188	38.625
887.312	451.125
294.812	659.375
1005.38	806.125
638	507.375
375.125	927.688
461.75	251.938
520.5	42.6875
619	152.375
688.875	515.062
799.5	251
870.25	267.25
191.5	701
560.125	481.438
851.812	486
411.812	396.812
351	462.812
587.75	722.25
351.688	857.375
251.125	707.938
851.875	207.688
290.938	610.562
508.875	303.5
954.75	106.438
154.562	709.5
329.062	354.312
429.312	683.875
857.375	506.75
869.125	289.312
546.062	574.625
frame 63
num = 73
125.75	152.062
167.125	498.75
54.9375	236.188
124.938	523.812
99.75	504.5
161.375	545.062
274.812	303.125
180.312	453.125
333.875	354.312
317.938	88.3125
764.25	812.062
543.75	111.938
475.812	437.312
390.438	267.312
507.25	170.562
383.25	25.25
297.312	23.6875
531.75	856.562
557.25	667.125
809.75	825.312
519.688	325.938
544.938	990.188
409.812	63.375
310.625	475.625
611.812	490.438
617.5	152.188
649.062	581.312
418.812	110.812
570.688	127
635.688	507.312
386.938	104.5
377.875	927.688
269.125	533.062
478.562	507.5
468.625	253.75
590.125	311.75
855.5	903.562
429.75	997.375
520.5	882.812
524.562	43.125
502.625	13.8125
548.5	576.188
559.062	506.812
569.188	38.8125
411.938	396.812
1002.25	121.812
601.125	861.562
589.125	722.75
954.375	438
854.375	267.188
542.188	494.75
214	702.062
797.312	745.5
981.25	155.688
448.688	26.125
683.812	515.562
260.25	708.5
870.375	451.25
429.25	683.188
941.625	797.5
301.812	659.125
169.375	709.312
722.875	649.938
837.062	207.625
414.875	325.062
353.688	462.625
333.875	354.312
842.062	506.688
825.312	485.875
920.812	106.625
787.938	250.75
842.5	289.375
308.688	610.5
